0.9445233345031738
0.5178488492965698
0.4234110414981842
0.5243306159973145
0.697325587272644
0.7672815322875977
0.5562579035758972
0.8633687496185303
0.716844916343689
0.570695161819458
0.3774237632751465
0.7933225035667419
0.6086273789405823
0.6387276649475098
0.4082610309123993
0.6012640595436096
0.5029648542404175
0.21896317601203918
0.9251386523246765
0.8687998652458191
0.5568045973777771
-0.049515075981616974
0.9654817581176758
0.28646668791770935
-0.4853874444961548
0.1928643137216568
-0.05793950706720352
0.8111659288406372
0.13997626304626465
0.5826117992401123
0.43559393286705017
0.1930321902036667
0.2622233033180237
0.761972188949585
0.4414689242839813
0.4945022463798523
0.11140581965446472
0.5103105306625366
0.5341476798057556
0.7603869438171387
0.2615688443183899
0.6323397159576416
0.7671968936920166
0.8962646722793579
0.6947436928749084
0.23770368099212646
0.39364752173423767
0.01219948474317789
0.776880145072937
0.1282747983932495
0.20663271844387054
0.2291044443845749
0.722553551197052
0.3493296504020691
0.8393122553825378
0.7290902137756348
0.2429031878709793
0.7471858859062195
0.005766937974840403
0.6169633865356445
0.3262037932872772
0.40562930703163147
0.3782101571559906
0.6318584084510803
0.5459511280059814
0.6657378673553467
0.8382334113121033
0.4748245179653168
0.3883015215396881
0.7533829808235168
0.1894160509109497
0.27462342381477356
0.711026668548584
0.6932072043418884
0.8619187474250793
0.27036216855049133
0.25504910945892334
0.6833001971244812
0.7007459402084351
0.8870734572410583
0.7698948383331299
-0.23981085419654846
-0.027861783280968666
0.8993648886680603
0.5503545999526978
0.5037312507629395
0.683526873588562
0.49795904755592346
0.45664921402931213
0.2843140959739685
0.6842341423034668
0.4758622348308563
0.22831624746322632
0.38388824462890625
0.5276262760162354
0.22746433317661285
0.7143335342407227
0.6834597587585449
0.6566835045814514
0.775192141532898
0.7631440162658691
0.6714285016059875
0.4532683193683624
0.9175333380699158
0.8756635189056396
0.35300782322883606
0.2401023954153061
0.4159230589866638
0.6340489983558655
0.5319401025772095
0.8980091214179993
0.2938874363899231
0.7705788016319275
0.5509355664253235
0.6483396291732788
0.5061663389205933
0.9412702918052673
-0.15999917685985565
0.42569658160209656
-0.056128617376089096
0.3984314799308777
0.9021702408790588
0.14922353625297546
0.5736957788467407
0.46343743801116943
0.36793339252471924
0.574975848197937
0.9243801832199097
0.3887958526611328
0.16783151030540466
0.5769227147102356
0.36484935879707336
0.5619126558303833
-0.24294891953468323
0.008029830642044544
0.7384918332099915
0.4433372914791107
0.7887049317359924
0.6772897243499756
0.15546460449695587
0.8889682292938232
0.7326586246490479
0.43861809372901917
0.6155487298965454
0.5428959727287292
0.8004037141799927
-0.009280008263885975
0.71966552734375
0.5772225856781006
0.8193632960319519
0.39300647377967834
0.691985547542572
0.5347529649734497
0.890688419342041
0.4019707441329956
-0.06145400181412697
0.3231545090675354
0.7164101004600525
0.444304496049881
0.43211829662323
0.33980193734169006
0.5853148698806763
0.5807686448097229
0.8111305832862854
0.30418121814727783
0.38048452138900757
0.039862506091594696
0.014018934220075607
0.241914302110672
0.4145101010799408
0.6370910406112671
0.7044649124145508
0.8850722908973694
0.9860659837722778
0.7366292476654053
0.7157773971557617
0.5640904903411865
0.5739318132400513
0.5286763906478882
0.6087549328804016
0.47472134232521057
0.18433557450771332
-0.040709491819143295
0.20115086436271667
0.28029581904411316
0.3936457633972168
0.2534872591495514
0.6881072521209717
0.8843733668327332
0.9019052386283875
0.17042958736419678
0.8195767998695374
0.0931883454322815
0.9139756560325623
0.8010814785957336
0.37522515654563904
0.19823352992534637
0.9248908162117004
0.5372766852378845
0.822081446647644
0.8633304834365845
0.15035098791122437
0.8131012916564941
0.6650950908660889
0.5635009407997131
0.18262460827827454
0.6329520344734192
0.8634206652641296
0.10688355565071106
0.5452074408531189
-0.08345351368188858
0.6798847317695618
-0.024058306589722633
0.7535021901130676
0.5716021656990051
0.6425954103469849
0.4264717400074005
0.17118394374847412
0.5752511620521545
0.13294772803783417
0.5887579917907715
0.47966083884239197
0.018764154985547066
0.6506290435791016
0.710863471031189
0.7837581038475037
0.4112562835216522
0.7255792021751404
0.5945949554443359
0.19662725925445557
0.46503469347953796
0.4002508521080017
0.8699926137924194
0.7022889256477356
0.13855059444904327
0.10399473458528519
0.3144853115081787
-0.2823723554611206
0.6017884612083435
0.36547496914863586
0.9884393215179443
0.847924530506134
0.653633713722229
0.5973594784736633
0.2689765393733978
-0.2578586935997009
0.7127724885940552
0.5260776877403259
0.7986382842063904
-0.5374248027801514
0.13423767685890198
0.7469329237937927
0.603617250919342
0.32644763588905334
0.4000549018383026
0.8350539207458496
0.8519270420074463
0.35764309763908386
0.5322920083999634
0.41088372468948364
0.9124464392662048
0.3638831675052643
0.5425981283187866
0.7654893398284912
0.8112033009529114
0.6091747879981995
0.31678536534309387
0.6147218346595764
0.6979945302009583
0.8454946279525757
0.6862125396728516
-0.2126743644475937
0.7213818430900574
0.3227790892124176
0.42468947172164917
0.6833332180976868
0.4954894483089447
0.6673693060874939
0.3246687352657318
0.4593214988708496
0.2576199471950531
0.15589852631092072
0.18009649217128754
0.766687273979187
0.699020266532898
0.13826461136341095
0.7002338171005249
0.34960219264030457
0.18314841389656067
0.41975992918014526
0.40012529492378235
0.7715714573860168
0.8103766441345215
0.42688435316085815
0.7981560826301575
0.1917710155248642
0.4093933403491974
0.007373468950390816
0.21619027853012085
0.10530290752649307
0.6469886302947998
0.5722211599349976
0.6072019934654236
0.7857634425163269
0.3979470729827881
0.4524382948875427
0.253582239151001
0.6963345408439636
0.5849729776382446
0.9550777673721313
0.3843116760253906
0.8447697758674622
0.43519121408462524
0.8716246485710144
0.14779502153396606
-0.15025922656059265
0.011375358328223228
0.8228536248207092
0.5805301070213318
0.37868160009384155
0.41290566325187683
0.5445185899734497
-0.012933905236423016
0.7328008413314819
0.44773387908935547
0.2585435211658478
0.24915224313735962
0.25313887000083923
0.4833938777446747
0.2619585692882538
0.7567260265350342
0.6556287407875061
0.5176486968994141
0.48474910855293274
0.4442443251609802
0.48004743456840515
0.35386234521865845
0.10469622164964676
0.8533949255943298
0.5968309044837952
0.32690906524658203
0.42603790760040283
0.8661442399024963
0.22971178591251373
0.19478200376033783
0.7035337090492249
0.3085390627384186
0.41649067401885986
0.41867876052856445
0.2599939703941345
0.6417542695999146
0.9191270470619202
0.5102986693382263
0.35797393321990967
0.5997610092163086
0.3133864998817444
0.25306209921836853
-0.02905672788619995
0.548768937587738
0.9650673270225525
0.7663208246231079
0.6161577701568604
0.13770592212677002
0.5282973647117615
0.7868961095809937
0.927351176738739
0.5019891858100891
0.8200516700744629
0.33425888419151306
0.558077871799469
0.6374086141586304
0.9313686490058899
0.6520463824272156
0.4266117811203003
0.31182482838630676
0.3466303050518036
0.5441993474960327
-0.09368899464607239
-0.1754627525806427
0.3906928598880768
0.4132245182991028
0.9590849280357361
0.6403321623802185
0.912923276424408
0.2914358973503113
0.4394611418247223
-0.11128559708595276
0.15380951762199402
0.20414836704730988
0.503233015537262
0.48056909441947937
0.07797327637672424
0.6935770511627197
-0.6849769353866577
0.34718865156173706
0.5709044933319092
0.9693453311920166
0.43836715817451477
0.40848812460899353
0.21571746468544006
0.2879392206668854
-0.4150049388408661
0.3858189880847931
0.38052359223365784
0.4177825152873993
0.5988191962242126
0.9085924029350281
0.8834954500198364
0.49790626764297485
0.676096498966217
0.5738708972930908
0.8116456270217896
0.3956031799316406
0.6540881991386414
0.12408909946680069
0.44554734230041504
0.5542317032814026
0.4253508150577545
0.8677059412002563
0.06450743228197098
0.007014755625277758
0.7122935652732849
0.8093633651733398
-0.16944848001003265
0.49046000838279724
0.7646463513374329
0.2638102173805237
0.8657010197639465
0.7775728106498718
0.6756575107574463
0.5443438291549683
0.4048931300640106
0.48768213391304016
0.3833376169204712
-0.09782335162162781
0.6338803172111511
0.486456036567688
0.11755607277154922
0.04701218381524086
0.8279397487640381
0.3728345036506653
0.5620513558387756
0.4000150263309479
0.7486069202423096
0.4611072838306427
0.5349612236022949
0.8182250261306763
-0.6877622008323669
0.5168085694313049
0.27609631419181824
0.8830028176307678
0.9279916882514954
0.5276094079017639
-0.0307859405875206
0.6433199048042297
0.3041737675666809
0.6077588796615601
0.5213440656661987
0.140053853392601
0.7229552268981934
0.39200955629348755
0.46810558438301086
0.8398136496543884
0.98989337682724
-0.21077151596546173
0.5294573307037354
0.7224109172821045
0.6152941584587097
0.5401731133460999
0.5985243320465088
0.6479248404502869
0.08711326122283936
0.5200947523117065
0.1887098103761673
0.31956738233566284
0.3222218453884125
0.5291642546653748
0.8153574466705322
0.5838395953178406
0.7350788116455078
0.4570977985858917
0.34822598099708557
0.6951242089271545
0.4291514754295349
0.49878671765327454
0.5284591317176819
0.6102248430252075
0.5040057301521301
0.4465732276439667
0.5755007266998291
0.11347001045942307
0.6120933890342712
0.5924887657165527
0.6093736886978149
0.4498010277748108
0.06295514851808548
0.5353748202323914
0.37861475348472595
0.8228250741958618
0.5311369895935059
0.7499272227287292
0.5677233338356018
0.3967786729335785
0.45330625772476196
0.07754544913768768
0.1893780678510666
-0.04565577581524849
-0.333698570728302
-0.003268331056460738
0.03898537531495094
0.671950101852417
0.13242706656455994
0.42899632453918457
-0.19993191957473755
0.02515356056392193
0.737346351146698
-0.08130834251642227
0.6177441477775574
0.7927107214927673
0.4582372307777405
0.719487726688385
0.3209330439567566
0.7153124213218689
0.6420483589172363
0.6962373852729797
0.6466774344444275
0.9127218723297119
0.6639826893806458
0.2269120067358017
0.48877155780792236
0.5750841498374939
0.9502074718475342
0.9142084717750549
0.08071855455636978
0.703967273235321
0.5379396080970764
0.461528480052948
0.26964160799980164
0.6287895441055298
0.5132598280906677
0.35058677196502686
0.7625317573547363
0.9882733225822449
0.8374677896499634
0.36339595913887024
0.66292405128479
0.7422536015510559
0.43383073806762695
0.3406917154788971
-0.12674018740653992
0.719187319278717
0.5776277780532837
0.4044877290725708
0.9106540083885193
0.21013331413269043
0.32021307945251465
0.1277623325586319
0.46206343173980713
0.872433066368103
0.7758738398551941
0.6473847031593323
0.34694331884384155
0.6214053630828857
0.3961426317691803
0.6579338312149048
-0.03988160938024521
0.17984773218631744
0.4172028601169586
0.282396525144577
0.5914471745491028
0.5130221843719482
0.392474502325058
0.3489689230918884
0.7542849183082581
0.37621328234672546
0.4221119284629822
0.5575445890426636
0.24009668827056885
0.2897852659225464
0.14498773217201233
0.22147232294082642
0.9377843737602234
0.03909686952829361
0.7218310832977295
0.05113212391734123
0.5196617841720581
0.6834112405776978
-0.3202812671661377
-0.3821873366832733
0.08185525238513947
0.3968418538570404
0.4751419126987457
0.2542434632778168
-0.21694347262382507
0.5559281706809998
0.7291851043701172
0.4668676555156708
0.49716728925704956
0.6315667033195496
-0.6749603748321533
0.5293362736701965
0.28191855549812317
0.3113490045070648
0.9310973882675171
0.36108335852622986
0.6322098970413208
0.39791339635849
0.24698634445667267
0.3681391179561615
0.6923496127128601
0.5229120850563049
-0.10360615700483322
0.37405896186828613
0.6943418383598328
0.27680525183677673
0.5664677619934082
0.8570835590362549
0.9869256019592285
0.6103223562240601
0.44488218426704407
0.8812631964683533
0.4299655258655548
0.8586832880973816
0.7479269504547119
0.3447335958480835
0.5235323905944824
0.2898772954940796
0.6960192322731018
0.8402024507522583
0.29319408535957336
0.16700482368469238
0.33878573775291443
0.3616037368774414
0.4884226322174072
-0.1545092612504959
0.4340588450431824
0.309935063123703
0.6539281010627747
0.584937334060669
0.5720683932304382
0.6875790953636169
0.33709296584129333
0.7108206748962402
0.47545307874679565
0.7039969563484192
0.6883655786514282
0.5937128663063049
0.6600752472877502
0.24993903934955597
0.5406535267829895
0.5815109014511108
0.6809113621711731
0.8078538179397583
0.3669285774230957
-0.6347975134849548
0.6774041056632996
0.5072059631347656
0.9848045706748962
0.7056880593299866
0.6497141122817993
0.03821399062871933
0.8834373354911804
0.49173176288604736
-0.47193634510040283
0.4636179506778717
-0.06260652840137482
0.4516165256500244
0.3564048111438751
0.402053564786911
0.6696423292160034
0.5453606843948364
0.3898341655731201
0.51993328332901
0.3563134968280792
0.7726239562034607
0.45838358998298645
-0.45169249176979065
0.6976397037506104
0.30951759219169617
0.5696038007736206
0.15627692639827728
0.4561097323894501
0.6800079941749573
0.35552072525024414
0.8991714119911194
0.36960306763648987
-0.19617049396038055
0.5659420490264893
0.8044127225875854
0.7424651384353638
0.15533874928951263
0.6205429434776306
0.8040313720703125
0.36976850032806396
0.48045527935028076
0.7658974528312683
0.3933125138282776
-0.18869644403457642
0.48184889554977417
0.5209628939628601
0.1943129152059555
0.6535792350769043
0.4280754625797272
0.31922468543052673
0.7597641348838806
0.6945286393165588
0.3385087847709656
0.7442600131034851
0.2345617562532425
0.9225063920021057
0.21220903098583221
-0.12657779455184937
0.34965524077415466
0.5376759767532349
0.43156954646110535
0.6146271228790283
0.8426655530929565
0.7018018364906311
0.46764472126960754
0.7238319516181946
0.0857154056429863
0.5715861320495605
0.5396645665168762
0.21127477288246155
0.5358027219772339
-0.1033594161272049
0.6005082726478577
0.25216028094291687
0.2539403438568115
0.7193533778190613
0.8795536160469055
0.09790868312120438
0.39004650712013245
-0.09292574226856232
0.16848750412464142
0.12207549810409546
-0.6864468455314636
0.3407883644104004
0.5223948359489441
0.3639121949672699
0.5638465285301208
0.7330649495124817
0.4549564719200134
0.5907900333404541
0.7142348885536194
0.3501720428466797
0.3666662871837616
0.6178498864173889
0.5215501189231873
0.5309388637542725
0.8298766613006592
0.38269639015197754
0.2834678590297699
0.6552085876464844
-0.07946676015853882
0.5201163291931152
0.7726727724075317
0.478413850069046
0.6881827712059021
0.5501777529716492
0.39435893297195435
0.46576133370399475
0.6115114688873291
0.6292645335197449
0.27090099453926086
0.83567875623703
0.3754774332046509
0.2783135771751404
0.8022944927215576
0.7936460375785828
0.7853463888168335
-0.02862730622291565
0.3644639551639557
0.6367822289466858
0.7412359118461609
0.8896358013153076
0.45744839310646057
0.30213746428489685
0.619386613368988
0.6313020586967468
0.23996339738368988
0.20583496987819672
-0.09446728229522705
0.9765297174453735
0.5424696207046509
0.4412177801132202
0.2884484827518463
0.6947693824768066
0.22031129896640778
0.5417307615280151
-0.01765226386487484
0.9280378818511963
0.5383998155593872
-0.09820804744958878
0.22856378555297852
0.30970901250839233
-0.03318364918231964
0.6355231404304504
0.6867509484291077
0.5062863826751709
0.5855757594108582
0.48420509696006775
0.9434677958488464
0.6688934564590454
0.4861861765384674
0.594039261341095
0.7315496802330017
0.44121551513671875
0.5014954209327698
0.08663216233253479
0.31523650884628296
0.5585745573043823
0.6218245625495911
-0.09632457047700882
0.6878264546394348
0.41791442036628723
0.4454290568828583
0.22477181255817413
0.9237360954284668
0.8317235112190247
0.455209881067276
0.6257019639015198
0.6782060265541077
0.3751799762248993
0.1425878256559372
0.5222994089126587
0.08141086250543594
-0.005322826560586691
0.6247010231018066
0.361378014087677
0.18996714055538177
0.5615869760513306
0.676499605178833
-0.1988571286201477
0.6522899270057678
0.04474892467260361
0.5027644634246826
0.5880159139633179
0.878325879573822
0.7359870672225952
0.6491647362709045
0.7207589149475098
0.8352850079536438
0.6368606686592102
0.8145276308059692
0.36956191062927246
0.4859696328639984
0.9145327806472778
-0.11003417521715164
0.36519375443458557
0.7083879113197327
0.3635709285736084
0.470595121383667
0.05404341220855713
-0.020500747486948967
0.48454493284225464
0.11817401647567749
0.5200586915016174
0.6969721913337708
0.7061165571212769
0.36361682415008545
0.7215592861175537
0.6414472460746765
0.22029677033424377
-0.14556458592414856
0.6884831786155701
-0.0663856789469719
0.15281462669372559
0.7516905069351196
0.5155555009841919
0.15351620316505432
0.4659232497215271
0.5842968821525574
0.18365037441253662
-0.22985103726387024
0.47251734137535095
-0.05618617311120033
0.12891212105751038
0.9384886026382446
0.16042855381965637
0.38537102937698364
0.10912502557039261
0.25506600737571716
0.6073571443557739
-0.20785322785377502
0.48142683506011963
0.37917017936706543
0.34780749678611755
0.8822670578956604
0.060807205736637115
0.38844171166419983
0.631464958190918
0.5546562671661377
0.23128923773765564
0.1893935203552246
0.5743351578712463
0.34266790747642517
0.964951753616333
0.26353728771209717
0.29372093081474304
0.09344080090522766
0.8765246868133545
0.7568373680114746
0.5737118721008301
0.6681023836135864
0.5700244903564453
0.4355926513671875
0.28584542870521545
0.6422874927520752
-0.15797866880893707
0.8046085834503174
0.7483304142951965
0.673502504825592
0.272107869386673
0.6033867001533508
0.2256859540939331
0.6136998534202576
-0.6522566676139832
0.8459402322769165
0.3909061849117279
0.6398168206214905
0.5714097023010254
0.16832037270069122
-0.09971974045038223
0.31228435039520264
0.31851354241371155
0.6190471649169922
0.6153815984725952
0.5394012331962585
0.08151357620954514
0.8259546160697937
0.743517279624939
0.2355344295501709
0.5254263281822205
0.7539573907852173
0.9041489958763123
0.5006815791130066
0.21315151453018188
0.6122622489929199
0.33236023783683777
0.7214952707290649
0.4718042314052582
0.12239866703748703
0.796295702457428
0.34587913751602173
0.6556990742683411
0.7388021945953369
0.7422425150871277
0.4681360423564911
-0.2977966368198395
0.8434717059135437
0.38657644391059875
0.5246285796165466
0.7866356372833252
0.8616886138916016
-0.08367671817541122
0.6929662823677063
0.6813873052597046
-0.09348803013563156
0.36045175790786743
0.8776498436927795
0.19632600247859955
0.6961361169815063
0.5118253231048584
0.557422935962677
0.13930080831050873
0.288159042596817
0.6132215261459351
0.5183987021446228
0.4740748703479767
0.8202354311943054
0.8987866044044495
0.1234385147690773
0.21055811643600464
0.628485381603241
0.6450314521789551
0.2804916203022003
-0.09397284686565399
0.39684349298477173
0.6697576642036438
0.5717869997024536
0.2665037214756012
0.5000284910202026
0.5824348330497742
0.864596426486969
0.719484269618988
0.21165679395198822
0.4301570653915405
0.21882595121860504
0.4871123135089874
0.5882401466369629
0.891460657119751
0.501977264881134
0.40322962403297424
0.8721323609352112
0.5840179920196533
0.013433271087706089
0.5370729565620422
0.30515363812446594
0.18863308429718018
0.39514899253845215
0.7497562766075134
0.7402359247207642
0.45703125
0.6800309419631958
0.10843682289123535
0.3148459494113922
0.5135760307312012
0.6160334348678589
0.27282923460006714
0.33586353063583374
0.8021507263183594
0.7899925708770752
0.41627994179725647
0.36881330609321594
0.3572629392147064
-0.39900076389312744
0.2732080817222595
0.5661090016365051
0.767554759979248
0.717421293258667
0.1923702359199524
0.15868259966373444
0.44572481513023376
0.24045754969120026
0.32333093881607056
0.5413169264793396
0.5699794888496399
0.0709948018193245
0.4160601496696472
0.905648410320282
0.34338706731796265
0.6791834235191345
0.4452434778213501
0.7745123505592346
0.6975951790809631
0.7333587408065796
0.21949517726898193
0.669279932975769
0.7499675750732422
0.33267784118652344
0.3137888014316559
0.8436324000358582
0.5196654200553894
0.43122774362564087
0.06684129685163498
0.25385189056396484
0.27639061212539673
-0.6314165592193604
0.00665400130674243
0.823417603969574
0.43838363885879517
0.11271414905786514
0.6312504410743713
0.6017262935638428
0.09922506660223007
0.35829800367355347
0.15582546591758728
0.441888689994812
0.6760386228561401
0.8282858729362488
0.5160870552062988
0.8625327944755554
0.14806367456912994
0.2682361304759979
0.8182190656661987
0.38077253103256226
0.5613667964935303
0.5110553503036499
0.38154318928718567
0.5842636227607727
0.6287532448768616
0.7782608270645142
0.18772122263908386
0.6569498777389526
0.41739851236343384
0.1955902874469757
0.7392557263374329
0.4906150698661804
0.2544897794723511
0.46198633313179016
0.7882887125015259
0.20155766606330872
0.5096848607063293
0.8550674319267273
0.4505753815174103
0.48394912481307983
-0.006842025555670261
0.5101127028465271
0.30625179409980774
-0.48839277029037476
0.24831588566303253
0.4902985394001007
0.6246458888053894
0.5693809986114502
0.5692429542541504
0.3321613669395447
-0.47220245003700256
0.3391472399234772
0.2004297524690628
0.38820016384124756
0.2836031913757324
0.7420513033866882
0.31244462728500366
0.7282322645187378
0.7448196411132812
0.33882230520248413
-0.027272047474980354
0.8323846459388733
0.758729875087738
0.8155015110969543
0.4842568039894104
0.4338431656360626
-0.322334349155426
0.3123774528503418
0.7430902719497681
0.4279278516769409
0.3248632848262787
0.4858255386352539
0.5089666247367859
0.3812216818332672
0.29749050736427307
0.3588177263736725
0.3853188753128052
0.15181173384189606
0.27672213315963745
0.2404673993587494
0.06516630947589874
0.7850404381752014
0.5058515667915344
0.39795243740081787
0.5028913021087646
0.387029767036438
-0.02867264486849308
0.6626987457275391
-0.2182799130678177
-0.004321819171309471
0.34506672620773315
0.22231639921665192
0.7803661823272705
0.7141898274421692
0.35187405347824097
0.8236141204833984
0.38711440563201904
0.4294047951698303
-0.030843235552310944
0.8060407638549805
0.20465323328971863
0.48627471923828125
-0.16844028234481812
0.7655608654022217
0.4233942925930023
0.40337833762168884
0.7310469150543213
0.5585253238677979
0.6175268292427063
0.10007452964782715
0.9834674000740051
0.5880085229873657
0.3254041373729706
0.45726314187049866
-0.22092266380786896
0.8870354890823364
0.057278361171483994
0.21577301621437073
0.3983790874481201
-0.028916455805301666
0.6628196239471436
0.08705004304647446
0.47206535935401917
0.7009154558181763
0.30857053399086
0.008465517312288284
0.8242213129997253
-0.4479281008243561
0.21949751675128937
0.8995085954666138
0.6315664649009705
0.5198712348937988
-0.3860222101211548
0.15235155820846558
0.12675827741622925
0.316465824842453
0.5415153503417969
0.738426148891449
0.8693651556968689
0.5712428092956543
0.42159977555274963
0.288720041513443
0.013513470999896526
0.46220895648002625
-0.21273453533649445
0.772883415222168
0.1678382009267807
0.5160588622093201
0.20276989042758942
0.7544283270835876
0.26545339822769165
0.14736533164978027
-0.04297204315662384
0.6289061903953552
0.606997013092041
0.14802898466587067
0.6366868615150452
-0.03159140795469284
0.5587690472602844
0.4734193682670593
0.8871903419494629
0.5205176472663879
0.23184722661972046
0.22242072224617004
0.5302191972732544
0.4023706316947937
0.42955443263053894
0.7245373725891113
0.2643449902534485
0.548358678817749
0.5526712536811829
0.5024363398551941
-0.0909607857465744
0.18794108927249908
0.265720397233963
-0.09428178519010544
0.5069674849510193
0.5226596593856812
-0.020550930872559547
0.042044881731271744
0.3832390010356903
0.4811410903930664
0.197122722864151
0.011108116246759892
0.5728660225868225
0.8726434707641602
0.7896885275840759
0.633989155292511
0.30254223942756653
0.9414530396461487
0.5145375728607178
0.5511075854301453
0.6092027425765991
0.4945530891418457
0.4069320261478424
0.6732354760169983
0.7232040762901306
0.7270682454109192
0.5630494952201843
-0.020782366394996643
0.7434322237968445
0.2961769104003906
-0.05959073826670647
0.4159472584724426
0.5185123085975647
0.827854573726654
0.4012029767036438
0.4104645848274231
0.41529324650764465
0.5050501227378845
0.5403802990913391
0.41082727909088135
0.5192714333534241
0.43613067269325256
0.8924996256828308
-0.1672724187374115
0.8163511753082275
0.627385139465332
0.7456259727478027
0.450535386800766
-0.025488179177045822
0.42117682099342346
0.6216831803321838
