4.4195228815078735
4.11289244890213
2.8517255187034607
3.625454008579254
1.3545145094394684
2.1957167983055115
4.891596734523773
4.336508214473724
3.289390504360199
4.609622359275818
3.7830546498298645
4.756889045238495
2.4993523955345154
4.135308265686035
3.7410685420036316
-0.9799274802207947
2.2923652827739716
4.882136583328247
4.242141842842102
4.288155734539032
4.645232856273651
4.960460066795349
4.79410320520401
4.938544034957886
3.3315542340278625
4.332265555858612
4.144156575202942
4.855320155620575
2.3628291487693787
3.1481218338012695
4.924359619617462
4.190070629119873
3.966730833053589
3.5004907846450806
2.870563268661499
4.10126805305481
2.329670935869217
4.760605692863464
2.9147791862487793
3.7884649634361267
2.212234139442444
4.038016200065613
4.742093980312347
2.9938197135925293
3.662436306476593
1.0018041729927063
4.240373969078064
4.488396048545837
3.979889750480652
4.5871129631996155
4.026909172534943
4.785248637199402
3.030860424041748
3.5716521739959717
4.4162943959236145
4.3108439445495605
4.807356894016266
1.898638904094696
4.43736344575882
4.566783308982849
3.2153168320655823
4.068998694419861
1.08679860830307
4.568759500980377
2.7041128277778625
4.830157160758972
3.970700204372406
4.661895334720612
2.922225296497345
4.772807359695435
2.5310230255126953
3.675963282585144
2.0755748450756073
1.8759429454803467
3.725004494190216
4.170332252979279
4.054943919181824
4.322587251663208
4.373822808265686
2.6535865664482117
4.3557000160217285
3.152437210083008
4.622963964939117
2.02451229095459
3.3646199107170105
4.196054041385651
3.981305956840515
2.04304039478302
3.4094777703285217
4.052838385105133
4.132082164287567
2.107454687356949
3.7395095825195312
3.9959487318992615
4.219323694705963
4.67058002948761
3.9136043190956116
3.665347397327423
4.412578344345093
3.0070123076438904
4.795241057872772
4.895767867565155
4.137535095214844
3.4779122471809387
4.191734492778778
4.804322421550751
4.6576520800590515
3.3874574303627014
3.517228662967682
3.1288307905197144
3.631359040737152
4.311256110668182
3.779342472553253
1.302281767129898
4.19714480638504
3.2363608479499817
4.74716454744339
2.897402346134186
4.303781986236572
3.258967101573944
3.4009671211242676
4.682390987873077
-0.5863281711935997
3.8150766491889954
1.7929306626319885
3.41979056596756
2.3031309247016907
4.821277558803558
4.814699292182922
3.826548457145691
4.57590788602829
2.737692892551422
3.957231640815735
4.089305400848389
4.7908177971839905
4.904478192329407
4.239795804023743
3.7623974680900574
4.836304187774658
4.743647575378418
4.664263427257538
4.027734100818634
4.954967796802521
3.4643784165382385
2.9536885023117065
3.2916349172592163
2.906973659992218
4.831080436706543
4.624381065368652
3.977675139904022
4.5568230748176575
4.883858263492584
4.822390079498291
2.0648956298828125
3.5285410284996033
4.911825954914093
4.805600643157959
2.8576308488845825
4.035792350769043
2.916839122772217
4.713154435157776
1.1666207015514374
4.753025472164154
4.5424410700798035
3.854565918445587
4.865213334560394
2.4030598998069763
4.154870808124542
4.6369412541389465
4.8983848094940186
4.96305912733078
4.846230149269104
3.9924106001853943
2.920890748500824
3.9033833146095276
1.725892573595047
3.8606739044189453
4.727649092674255
4.8683905601501465
4.847527742385864
4.451017677783966
2.4177032709121704
4.756885766983032
4.338908493518829
3.3300364017486572
3.8231244683265686
2.7692368626594543
4.926685988903046
3.1134197115898132
1.0475829988718033
3.1973612308502197
3.5179296135902405
4.411040246486664
4.844737946987152
2.9978281259536743
3.123857080936432
4.227862358093262
4.597697854042053
4.5889100432395935
3.838326632976532
4.93428498506546
3.867112100124359
3.158820867538452
3.5488301515579224
4.739193916320801
4.944964647293091
4.142965376377106
3.8013839721679688
4.078821837902069
2.8874775767326355
4.843582212924957
1.7541247606277466
3.38259220123291
4.840132296085358
4.353519082069397
4.177018404006958
4.797559976577759
2.5326022505760193
1.267562359571457
1.4173546433448792
4.5872655510902405
4.106644988059998
4.900856614112854
1.0168960690498352
3.1256836652755737
4.3150874972343445
4.396696090698242
4.786345064640045
3.4667909145355225
4.598706960678101
4.714133441448212
4.405110478401184
3.4997448325157166
4.5791444182395935
4.705371260643005
3.5916361212730408
3.240325450897217
4.385854005813599
3.3808690309524536
4.681638181209564
4.724802374839783
-0.4584013298153877
4.589428007602692
3.5561776161193848
1.1139031499624252
4.434899091720581
3.6576828360557556
4.558525383472443
4.649019539356232
3.2278451323509216
4.397490620613098
3.5114282369613647
4.269774258136749
3.3094176650047302
2.633175551891327
4.9070921540260315
4.0196168422698975
4.275560975074768
4.356209635734558
4.484376013278961
4.620378911495209
3.6613473296165466
3.9985060691833496
2.530793249607086
2.5504714250564575
4.87739622592926
3.069794476032257
3.0757558345794678
4.78179544210434
4.770340621471405
4.743458032608032
-1.3716109097003937
1.9238801300525665
0.4446776211261749
3.601212799549103
3.1604021787643433
1.683930903673172
2.9138055443763733
4.644085764884949
2.742309868335724
4.615388512611389
3.911873698234558
4.488381743431091
0.07173562422394753
4.377349615097046
2.628982961177826
0.5345461517572403
1.6265206038951874
3.5171905159950256
3.6316412687301636
4.5534369349479675
4.755388796329498
3.742292821407318
4.685383439064026
4.7481900453567505
4.312116503715515
3.2976073026657104
2.497769296169281
4.5185887813568115
4.623159170150757
4.723731875419617
4.942730963230133
2.833124101161957
4.61233913898468
4.702155292034149
1.8253767490386963
4.136625528335571
3.9003264904022217
3.5059884190559387
4.397565126419067
4.891051650047302
4.984301924705505
2.126603126525879
4.50777143239975
4.457840323448181
4.977369606494904
4.311583042144775
0.08103727363049984
4.830704033374786
4.831382930278778
3.2947179675102234
4.323487877845764
4.840671122074127
3.8249364495277405
4.456443786621094
4.382576942443848
2.5348255038261414
1.009875237941742
4.348871111869812
3.9135614037513733
3.3931773900985718
4.416806697845459
4.953595399856567
4.862777292728424
4.001347720623016
4.502722322940826
4.642044901847839
4.742020964622498
2.6349297165870667
4.228369891643524
3.742111027240753
4.665770530700684
4.712824821472168
1.1709113419055939
4.384150505065918
4.730219841003418
3.9124536514282227
4.7831714153289795
3.345775306224823
4.224144518375397
3.8761091232299805
3.2426735758781433
4.442206621170044
4.621966481208801
0.6361760199069977
4.607635140419006
3.8035225868225098
1.8209201097488403
4.939391314983368
3.799891173839569
4.382125437259674
3.965640068054199
4.25782710313797
3.4819763898849487
3.3781641721725464
0.1900576427578926
1.5943366289138794
4.219642877578735
4.8327672481536865
4.259733855724335
3.5100919008255005
1.492108702659607
4.206009209156036
3.8813501596450806
4.695103168487549
4.744375050067902
4.780898094177246
4.591880142688751
2.902062237262726
4.235299527645111
4.7353920340538025
4.708763957023621
4.741137623786926
4.659321904182434
4.343854188919067
4.9486154317855835
3.527568280696869
4.765368700027466
4.394795596599579
3.9127376675605774
2.4649782478809357
3.9261332154273987
1.56149223446846
4.825474321842194
4.200701415538788
4.689388573169708
4.011915028095245
0.628441646695137
3.612801432609558
0.15281540341675282
-0.08338385261595249
4.565342664718628
4.149063527584076
3.9513298869132996
4.617019891738892
4.42596971988678
4.674040675163269
4.356810748577118
2.837241291999817
1.9392645359039307
0.9892506152391434
1.4499455690383911
3.460882604122162
4.695228934288025
1.0305538773536682
4.817436635494232
4.779987037181854
4.71398800611496
4.146726727485657
3.1629708409309387
4.769212305545807
4.926178157329559
2.591618299484253
4.879160523414612
3.891979157924652
3.704754412174225
3.8785871863365173
4.8836749792099
2.889890968799591
0.8543406426906586
4.727222323417664
3.7616711854934692
4.8619455099105835
2.3797105252742767
4.801409840583801
4.0953415632247925
3.7171390652656555
4.5859745144844055
3.998730480670929
1.4236053824424744
4.6688297390937805
4.879856705665588
3.132307529449463
4.711078107357025
3.808688521385193
3.0844491720199585
4.801866412162781
3.8425037264823914
3.994036018848419
4.147133827209473
3.910965621471405
4.725539982318878
4.783915579319
3.2110390067100525
4.093199968338013
2.105092853307724
4.648556113243103
3.7945854663848877
4.853740930557251
4.848394393920898
4.06507283449173
1.3429561257362366
2.463850975036621
4.388527870178223
4.896049499511719
4.935064613819122
4.202351272106171
3.877626955509186
3.3272752165794373
3.857148289680481
2.9395437240600586
3.5708367824554443
3.618435561656952
4.037087857723236
3.0302807688713074
4.890563488006592
3.551071584224701
3.5368898510932922
4.479139447212219
0.13311450369656086
1.9635951519012451
4.538660049438477
2.1184901893138885
2.8422194719314575
4.267843067646027
3.7883752584457397
3.1906339526176453
2.4367615580558777
4.809978008270264
4.362415373325348
3.698575794696808
4.596837759017944
4.847484529018402
4.207091331481934
4.684708118438721
3.014604151248932
4.4443464279174805
2.1477288007736206
4.6238285303115845
4.900870621204376
3.999301493167877
4.768965244293213
4.9591657519340515
3.5182350873947144
2.689763605594635
3.5221001505851746
4.026551246643066
4.662332236766815
4.886656701564789
2.9791253805160522
1.4722596108913422
3.5852205753326416
3.709789514541626
3.2051697373390198
4.313754439353943
4.877317249774933
4.471271634101868
2.2060705721378326
4.007783234119415
4.6462056040763855
4.764224886894226
4.45403516292572
2.2423867881298065
4.424975514411926
4.071682989597321
4.14053738117218
4.836142063140869
3.3342429995536804
2.8150752186775208
4.7626665234565735
1.2004251033067703
-0.3710973262786865
1.6229018568992615
2.7284789085388184
4.080225229263306
4.658417999744415
4.116477966308594
-1.4658702909946442
4.481458365917206
4.753265678882599
3.9782416820526123
4.407362341880798
4.618585705757141
4.018769860267639
4.625119268894196
4.674893319606781
4.420061111450195
3.9614370465278625
3.4452632069587708
2.1761400997638702
4.602231383323669
4.461551308631897
3.499608635902405
4.582676291465759
4.6027639508247375
3.9033296704292297
4.9560171365737915
2.724998891353607
4.154074490070343
4.170389175415039
4.655642807483673
4.205704629421234
4.747584164142609
4.6954235434532166
4.6497949957847595
4.9369582533836365
3.557639420032501
4.752663969993591
4.623454511165619
4.890965521335602
3.800590932369232
4.297914505004883
4.627810120582581
4.402965605258942
4.099150002002716
4.302913248538971
4.654726982116699
4.261903762817383
4.4763752818107605
4.414794743061066
0.5379145964980125
4.045721888542175
4.439645707607269
4.196341335773468
4.768697917461395
4.1683220863342285
4.375905096530914
4.315005540847778
4.663221836090088
3.1422653794288635
1.422104686498642
3.946780562400818
4.13187175989151
2.1484585106372833
3.9931440353393555
4.647340476512909
3.5241782665252686
4.357360601425171
3.1197211146354675
4.344499111175537
2.9963666200637817
2.6358720660209656
3.770820200443268
3.327813446521759
2.472708523273468
2.480534613132477
4.80810672044754
4.495466649532318
3.5526439547538757
3.3794552087783813
4.734410345554352
2.188689708709717
3.4861671924591064
4.350033104419708
0.8645234256982803
3.18255752325058
3.107900619506836
-0.295391995459795
4.052076637744904
4.929164350032806
4.409708082675934
4.551853835582733
4.06499445438385
4.256897568702698
0.5857346579432487
3.3035987615585327
4.173632860183716
4.205141067504883
4.675012826919556
4.513621926307678
2.074962854385376
4.364359378814697
4.802737236022949
2.7031925320625305
3.6385539174079895
-0.022621159441769123
3.493129014968872
4.504654705524445
4.566246867179871
2.221997380256653
4.419076442718506
1.892152577638626
4.806294143199921
3.2420527935028076
3.682868778705597
3.845776915550232
3.7818047404289246
4.046270251274109
4.630535244941711
3.0790773034095764
4.247156381607056
4.838942885398865
2.1103940904140472
3.1398198008537292
3.2262489199638367
3.252551555633545
4.321818053722382
3.529592752456665
4.406053423881531
3.3902135491371155
2.6081544160842896
3.7119099497795105
1.6370268166065216
4.155420362949371
2.7932360768318176
1.5954358875751495
3.2728075981140137
4.579926431179047
4.804406762123108
2.465289831161499
4.688063561916351
4.702663421630859
3.886100649833679
0.1372418086975813
3.4188860654830933
3.8882848620414734
4.892663657665253
4.546220302581787
4.839605391025543
1.785258799791336
4.704983830451965
4.606381952762604
3.69198739528656
4.6671247482299805
2.2944168746471405
3.069579005241394
4.8695313930511475
4.721071422100067
4.559605419635773
4.322008490562439
3.708578050136566
2.07843154668808
2.9592126607894897
1.2167086452245712
3.7866121530532837
2.79931902885437
4.503233432769775
4.44485068321228
4.125092327594757
4.263449609279633
3.071913719177246
3.031163215637207
4.028715193271637
4.43775087594986
1.7753253877162933
2.3067158460617065
3.336039185523987
3.9518946409225464
4.808977544307709
3.315110504627228
4.549020528793335
4.569033682346344
3.180837333202362
3.436797261238098
4.933641850948334
3.763258457183838
2.7236956357955933
4.8830923438072205
3.409340977668762
3.7161391973495483
4.829063713550568
3.3694952726364136
0.21307408809661865
1.7514880001544952
4.776328802108765
3.6853235960006714
3.364529013633728
4.2461782693862915
4.90150511264801
4.247055649757385
3.268915116786957
3.087412416934967
0.854266807436943
3.958010673522949
2.650432288646698
4.5579588413238525
3.776842951774597
2.3153892159461975
4.215924143791199
2.1545077860355377
3.581174314022064
4.6424537897109985
3.6815235018730164
2.1763569116592407
4.8620301485061646
1.8580207228660583
1.6180992126464844
4.061058461666107
0.41272982954978943
4.103475213050842
4.42948043346405
3.797083795070648
3.0710139870643616
4.777750670909882
2.9731550812721252
4.666406512260437
4.844889342784882
4.8881596326828
4.535637199878693
3.583863079547882
4.5391979813575745
4.793796539306641
3.491804003715515
2.0618635416030884
4.625255763530731
4.458748400211334
2.8231537342071533
2.513822317123413
3.010765314102173
3.7406718730926514
3.551665246486664
4.107775390148163
4.8296356201171875
3.100796937942505
1.0348954051733017
4.561418890953064
4.60383802652359
4.856986105442047
4.66130405664444
4.844539165496826
4.693410694599152
3.9553526043891907
4.1189393401145935
4.264087378978729
3.3965227007865906
1.6998261213302612
4.3075984716415405
1.5416081249713898
4.731455743312836
4.79536771774292
4.284332096576691
4.684043824672699
2.6043668389320374
3.1306862831115723
1.6034464538097382
4.7362107038497925
3.3227038383483887
4.052580296993256
4.528662860393524
2.055201530456543
4.707455337047577
2.85905122756958
4.782072901725769
4.146096110343933
4.696258902549744
3.7162336707115173
4.609351754188538
4.051136374473572
4.4611382484436035
1.870006024837494
4.510686695575714
3.534800410270691
4.718248248100281
3.586229383945465
4.546082615852356
2.721378207206726
3.4612643718719482
3.2615917921066284
4.314916133880615
4.095539450645447
1.6948992013931274
4.486809968948364
4.02407705783844
3.8090047240257263
2.9393771290779114
3.9263737201690674
4.188058078289032
2.5224506855010986
4.6852707862854
2.870134115219116
3.313853144645691
4.642094373703003
2.4552442133426666
4.581286907196045
2.705373466014862
3.6346980929374695
3.99811327457428
4.557866454124451
3.9472758769989014
4.218937456607819
4.771212339401245
4.120406806468964
2.7876806259155273
4.280349910259247
4.860683381557465
0.6828712671995163
0.10457306168973446
1.7584137618541718
4.899226427078247
4.688354432582855
2.354304939508438
4.62228000164032
4.3796274065971375
2.5667810440063477
2.6390764117240906
3.2528716325759888
2.5351229310035706
4.481421709060669
3.5572633147239685
4.766407310962677
3.3687880635261536
4.656956493854523
3.6604705452919006
0.49885641783475876
4.2315709590911865
4.8729488253593445
4.484737515449524
2.8532585501670837
3.596923351287842
4.6832650899887085
3.5669538378715515
4.246056377887726
3.7797847390174866
4.422965347766876
4.471234679222107
4.540547728538513
4.841663241386414
4.7068846225738525
3.5701537132263184
2.5674378871917725
4.94484543800354
4.183673858642578
4.253721833229065
4.711145460605621
2.7119413018226624
4.601072072982788
4.936051666736603
3.769136965274811
4.433801770210266
4.061016738414764
3.4537604451179504
3.799646496772766
0.4244256019592285
4.447384476661682
3.3476632833480835
3.1160160899162292
4.6401941776275635
-0.8288789540529251
4.790548086166382
4.615545868873596
1.8234716355800629
4.771577715873718
4.026104509830475
3.745783567428589
3.8100063800811768
4.6818917989730835
2.0335474610328674
3.9198526740074158
4.87879753112793
1.793336570262909
4.148163795471191
3.884808123111725
4.727761745452881
3.2170134782791138
4.39227432012558
4.4186630845069885
3.4489110112190247
4.674156010150909
2.8600144386291504
3.9510414004325867
4.52968567609787
3.7083977460861206
4.91999626159668
4.369925856590271
3.4307944774627686
4.090957045555115
3.3075380325317383
3.5533523559570312
4.074225425720215
4.181070029735565
4.6862006187438965
4.618578255176544
3.7990203499794006
2.8847736120224
2.216971516609192
4.698231220245361
3.030468225479126
2.8945818543434143
3.647567629814148
4.235762655735016
-0.0039320276118814945
1.3031083345413208
4.3589842319488525
4.041807651519775
4.7229984402656555
4.691577255725861
3.9012709259986877
4.499515891075134
3.413865864276886
2.0492349565029144
4.632177948951721
2.7023428678512573
3.9936918020248413
4.599506855010986
4.197722673416138
4.921529591083527
4.585879147052765
4.951182305812836
3.3691242337226868
3.9320677518844604
3.4118452668190002
3.567734658718109
4.0726438164711
4.771981835365295
4.757162928581238
3.7407290935516357
4.749952852725983
1.35317862033844
4.8258063197135925
2.7961429953575134
4.735752046108246
3.264605700969696
4.832366704940796
4.492951333522797
4.077145159244537
4.523840844631195
1.1452027410268784
4.600777328014374
4.767700731754303
3.9904072880744934
1.183433011174202
4.43189799785614
4.382838308811188
3.6297619342803955
3.4521961212158203
2.2913986444473267
4.02236133813858
3.139912784099579
4.2923504114151
4.786515533924103
4.634524583816528
4.160280525684357
3.642895519733429
4.885200560092926
4.359269142150879
4.665403366088867
1.9617146253585815
3.596433997154236
3.698134422302246
2.4752596020698547
4.355436861515045
4.305503964424133
4.522040486335754
2.3771007359027863
3.1049856543540955
3.4482398629188538
3.654170036315918
3.9492323994636536
4.737803936004639
3.954842686653137
4.854319393634796
2.2639428079128265
4.900265038013458
2.0455944538116455
-0.31911537051200867
2.3613858222961426
4.217681884765625
3.981795310974121
4.675680100917816
0.08252074010670185
3.6350232362747192
4.1853222250938416
4.560766816139221
3.7458789348602295
2.3722948133945465
2.336364835500717
4.578472077846527
0.785670280456543
2.5364798307418823
3.9972293376922607
4.819186329841614
3.4938231110572815
3.592134714126587
1.0653147846460342
4.854538440704346
3.803839683532715
-0.3668275475502014
1.8578162789344788
4.874478876590729
4.657772183418274
4.725365042686462
4.0478405356407166
4.9355387687683105
4.294208288192749
3.9779427647590637
4.480046927928925
3.4454166889190674
3.9465072751045227
0.12146503664553165
3.56865793466568
3.756277859210968
3.319196403026581
4.538918137550354
3.8496261835098267
2.8752145171165466
4.746061265468597
2.993505895137787
4.310867190361023
3.831654191017151
4.203940033912659
4.402108788490295
4.8805248737335205
4.650527536869049
4.732464849948883
2.453784793615341
4.474392235279083
3.7733694911003113
3.9670878648757935
4.4930073618888855
4.333152174949646
3.183199465274811
4.333887994289398
2.761848568916321
4.84974592924118
3.0638015270233154
3.557736873626709
2.3388099670410156
4.303114414215088
4.963893294334412
3.9113250374794006
3.2771551609039307
3.713732361793518
2.3676274716854095
4.647021293640137
4.6193623542785645
4.8299843072891235
4.149371087551117
2.8328999876976013
3.574129045009613
2.1131719648838043
1.918540745973587
4.728718101978302
4.777342975139618
4.414603412151337
3.5659167170524597
1.8869808316230774
4.238887429237366
2.9628118872642517
3.6760473251342773
3.883269429206848
4.772841036319733
1.1109848320484161
2.377479672431946
3.51921409368515
4.194284379482269
3.5409459471702576
3.6217302083969116
4.937169253826141
1.1716286838054657
3.7760895490646362
2.89951354265213
2.5144928693771362
3.56391042470932
4.536280632019043
-1.1307518184185028
3.814653158187866
4.534793794155121
2.1437807381153107
4.623922109603882
-0.6534156948328018
4.604414701461792
3.31781268119812
3.16829115152359
4.537300169467926
4.064086079597473
4.545494914054871
4.350362420082092
4.8015859723091125
3.801751732826233
2.829713821411133
0.6495462357997894
4.812737703323364
4.858564734458923
3.6146584153175354
4.370664060115814
4.801989197731018
4.7472891211509705
4.883850514888763
4.525871574878693
4.909437894821167
3.7056222558021545
3.529227375984192
2.330024093389511
4.580598771572113
4.852333664894104
3.944038152694702
3.719256818294525
3.978146016597748
1.1296463012695312
3.580106794834137
4.55804318189621
3.966352343559265
4.330675303936005
4.804774522781372
4.45389062166214
4.645142555236816
4.160429835319519
-0.7467751204967499
4.856249094009399
1.4669740200042725
4.085809886455536
4.043841361999512
4.794729650020599
3.4445971250534058
3.231167793273926
3.81704181432724
2.858477532863617
3.264762759208679
4.595541954040527
4.8739489912986755
4.069854915142059
3.8128843903541565
4.888051450252533
4.313694536685944
4.350736737251282
4.135091006755829
4.705653488636017
4.5663756132125854
4.264722466468811
3.6522921919822693
4.29051548242569
3.0020642280578613
4.234694540500641
4.487861394882202
4.078227281570435
4.270486533641815
4.113377034664154
4.82531875371933
4.486819505691528
3.9365464448928833
4.542098343372345
4.2537519335746765
4.508849382400513
3.844625949859619
2.6775452494621277
3.6691707372665405
4.42288875579834
4.907535016536713
4.529937207698822
2.7889132499694824
4.9132683873176575
-0.687822550535202
4.5985302329063416
4.560621976852417
3.2811611890792847
4.716923236846924
4.680363833904266
2.0554858446121216
3.4780314564704895
4.685623943805695
3.1399405002593994
4.48116272687912
3.1730449199676514
4.769584834575653
3.5503938794136047
4.542137384414673
3.4777426719665527
3.5678452253341675
4.769676625728607
4.087893068790436
2.49870166182518
3.865978419780731
2.997717261314392
4.581769108772278
4.561423063278198
4.344008564949036
3.968445360660553
4.125508368015289
4.786601662635803
0.5200164020061493
4.903818368911743
4.779112935066223
4.634955525398254
3.2250797748565674
4.453319013118744
4.519261121749878
0.8799009770154953
4.469300210475922
1.3814789056777954
4.611733257770538
2.8346753120422363
3.9246276021003723
4.342636168003082
4.0589675307273865
4.440821707248688
3.7816274166107178
4.460621178150177
4.874946177005768
3.2952770590782166
4.433593153953552
3.568975329399109
2.8522229194641113
2.3859231173992157
4.61894154548645
4.908964037895203
4.197465479373932
4.6273040771484375
4.3149784207344055
2.1950945258140564
3.1338179111480713
2.1020278334617615
4.09695029258728
-1.3519082963466644
4.945172071456909
3.8430076837539673
4.2446523904800415
3.2020679116249084
3.089430034160614
4.919576644897461
4.345009028911591
3.042658567428589
4.0102419257164
4.259931743144989
4.299590885639191
3.918444812297821
3.6800912022590637
4.083430767059326
4.172093868255615
4.854136407375336
4.035230875015259
4.521884620189667
4.58026647567749
4.386524558067322
2.8254958987236023
4.017665386199951
3.7564867734909058
3.715098798274994
4.770499169826508
4.560313820838928
2.5853580236434937
4.193488657474518
4.038719534873962
3.211911916732788
4.912964701652527
3.8861212134361267
4.475106298923492
2.1372365951538086
3.241247832775116
2.332976758480072
3.338385820388794
4.606022238731384
4.874904453754425
2.043702006340027
4.006487429141998
3.757040798664093
4.372223317623138
4.864180684089661
4.929647147655487
3.0558496713638306
3.773012161254883
4.795039594173431
4.678984582424164
4.441789984703064
4.75454568862915
3.9755746722221375
3.4593209624290466
4.216526448726654
-0.2554992213845253
4.398896396160126
4.664769172668457
-0.16344597563147545
1.8640914559364319
1.4824451506137848
4.770742058753967
3.755332827568054
4.313981235027313
4.274275302886963
4.313742816448212
2.195943593978882
2.6343247294425964
4.864681959152222
4.110014736652374
4.6462491154670715
2.7035433053970337
4.50644850730896
3.85873943567276
4.908542633056641
4.352744817733765
4.4969624280929565
3.8478392362594604
4.015116393566132
2.1990402042865753
4.88170713186264
4.777844250202179
4.520395994186401
4.142112731933594
4.325495660305023
3.398166298866272
0.3734060004353523
4.615168571472168
4.846299588680267
4.207015037536621
1.7074069380760193
2.5409477949142456
4.635625779628754
4.094380140304565
3.2062670588493347
3.965483009815216
4.709263443946838
4.393592178821564
4.230130314826965
3.6489787697792053
3.3245864510536194
1.8867921829223633
4.2466601729393005
4.724794030189514
4.652072489261627
0.41546303778886795
3.363734185695648
-1.5897142887115479
3.8943156599998474
1.1906246095895767
4.953930675983429
4.746667444705963
4.947909414768219
4.317521154880524
4.473546743392944
4.812820255756378
4.6806639432907104
4.4521453976631165
4.167373180389404
4.353358149528503
3.0614447593688965
4.850459694862366
4.627457857131958
4.42501962184906
4.628923833370209
4.40815806388855
3.697690963745117
2.5835973024368286
3.440859317779541
4.729892909526825
0.8098366111516953
4.59661990404129
4.138736426830292
3.4116294980049133
4.482853710651398
4.872554540634155
2.695595920085907
3.6298227310180664
4.648373126983643
4.557496607303619
4.194977581501007
3.941391110420227
1.7596067488193512
3.2355687022209167
4.72334623336792
4.427257478237152
2.5491830706596375
4.946208298206329
3.8113662600517273
4.576989710330963
2.0500321686267853
0.5579937994480133
4.90658164024353
4.046730995178223
4.287476539611816
4.809955358505249
4.530467092990875
3.786458671092987
4.176222085952759
4.359160959720612
0.35601913928985596
3.711555302143097
3.6455217003822327
4.473664462566376
3.0114340782165527
4.245720207691193
2.0666933059692383
4.506378471851349
4.888455271720886
3.9343103766441345
4.630969762802124
4.380289316177368
4.344959855079651
4.633907973766327
3.326863944530487
3.7068724632263184
3.297039270401001
3.3310294151306152
4.396933317184448
4.4036865234375
3.8636383414268494
1.5554939210414886
3.60902339220047
4.6024879813194275
4.829550385475159
2.6636970043182373
3.481106460094452
3.4747233986854553
3.339337110519409
4.060147404670715
4.9058666825294495
2.416898012161255
4.692796766757965
2.04242542386055
3.7373006343841553
3.8278180360794067
1.5085011720657349
4.714116752147675
4.786054193973541
4.562603831291199
4.464303255081177
3.5557684302330017
4.523852169513702
4.398088753223419
2.417614907026291
2.9876720905303955
4.594675898551941
4.691752195358276
0.4962506517767906
4.735336005687714
4.777719676494598
4.4836923480033875
4.0422216057777405
3.593233823776245
4.824184477329254
2.357993572950363
4.030819833278656
4.559091329574585
0.63999243080616
1.9627629220485687
4.4516026973724365
4.731587171554565
3.8203001022338867
4.272006452083588
3.6383506655693054
-1.108701080083847
4.399884045124054
1.9250349700450897
-0.635790079832077
4.7570812702178955
4.3381235003471375
2.036888301372528
4.8971423506736755
1.632022112607956
4.790008068084717
4.018687605857849
4.123577177524567
3.1521326303482056
4.85234409570694
4.495463967323303
1.6748684644699097
4.615199267864227
2.870604991912842
4.5923614501953125
4.009561240673065
4.713813066482544
4.0547144412994385
4.636811912059784
4.3380483984947205
3.623468279838562
2.628951668739319
4.655937552452087
3.333177864551544
3.5568982362747192
4.854564070701599
3.3525633811950684
4.406302571296692
4.345381557941437
4.676086008548737
3.435218632221222
4.168509244918823
1.1629442125558853
2.494487911462784
1.7223265767097473
4.468218684196472
4.510856866836548
4.087298512458801
4.244261085987091
4.4721850752830505
2.0459190011024475
3.9977341890335083
4.249525964260101
4.057679772377014
3.1087183952331543
4.869734346866608
4.639783799648285
4.3544745445251465
0.5990881100296974
3.70437353849411
4.218128323554993
3.224850296974182
4.725532531738281
4.307427406311035
4.4607385993003845
4.257284700870514
4.128608405590057
3.3837369084358215
4.627811014652252
1.732352077960968
-0.36336466670036316
3.424769639968872
3.9738744497299194
