4.53856498003006
4.954219162464142
4.441409409046173
4.160660803318024
4.841306209564209
4.965546429157257
4.87661749124527
4.793577492237091
4.628312289714813
4.946720004081726
4.221621453762054
4.800498187541962
4.9482908844947815
4.325942397117615
4.869650900363922
4.475871920585632
4.907644987106323
4.846101403236389
3.8619956374168396
4.967547357082367
4.861205518245697
4.841703772544861
4.659973978996277
4.744198024272919
4.902806878089905
4.669161438941956
4.575960040092468
4.80020135641098
3.2185643911361694
4.988655745983124
4.9781882762908936
4.89604264497757
4.274393618106842
4.978205561637878
4.909103512763977
3.395756185054779
3.6796683073043823
4.219439625740051
4.693052172660828
4.765040576457977
4.269209206104279
4.551390111446381
4.319972097873688
4.938136041164398
4.882149398326874
4.937873482704163
4.853110611438751
4.727130830287933
2.790728807449341
3.457280695438385
4.5023030042648315
3.123534321784973
4.935811161994934
4.800182282924652
4.9763524532318115
4.898853003978729
4.978296458721161
4.724045693874359
4.938950538635254
4.96816098690033
4.96244877576828
4.808867275714874
4.923956990242004
4.95165079832077
4.703770875930786
4.810255169868469
4.806638956069946
4.970505237579346
4.984762072563171
4.987053871154785
4.932363331317902
4.722705781459808
4.80472207069397
4.946826994419098
4.760420620441437
4.739339053630829
4.9315690994262695
4.724220335483551
4.572165310382843
4.682950675487518
2.9062774777412415
4.935606122016907
4.965432584285736
4.964646399021149
4.794022738933563
3.256382942199707
4.883306324481964
3.2031074166297913
4.539807438850403
4.771903455257416
4.584461748600006
4.832701086997986
4.628728926181793
3.6988958716392517
4.876114726066589
4.632591903209686
4.8081958293914795
4.8634591698646545
4.59039181470871
4.872039556503296
3.95406574010849
4.745107889175415
4.862061142921448
4.751046895980835
2.476935237646103
4.7574010491371155
4.928222298622131
4.944056868553162
4.903461337089539
4.855722784996033
4.565899968147278
4.953877329826355
3.7112993001937866
4.8703500628471375
4.913945496082306
4.603521227836609
4.398122429847717
4.80834424495697
4.5421478152275085
3.5802793502807617
4.969805181026459
4.890188276767731
4.6552035212516785
4.86624151468277
4.884757995605469
3.8853320479393005
4.568731784820557
4.132227003574371
4.161073267459869
4.276754856109619
4.849925935268402
3.8646340370178223
4.655192494392395
4.827528595924377
4.611281454563141
3.9264723658561707
4.373874664306641
3.946671783924103
4.818050265312195
4.790351092815399
4.9212440848350525
4.909666180610657
4.843730926513672
4.940440654754639
4.966551065444946
4.464800953865051
4.627896845340729
4.803908169269562
4.771527647972107
4.578346014022827
3.8694679737091064
4.975717067718506
4.714871942996979
4.74853903055191
4.477437436580658
4.931600093841553
4.9622586369514465
4.932996034622192
4.6405112743377686
4.934900403022766
4.467805027961731
3.9141273498535156
1.4409799873828888
4.951790869235992
4.099913239479065
4.923850893974304
4.955389499664307
4.65743750333786
4.71485435962677
4.599567949771881
4.9380505084991455
3.8857603073120117
4.854947030544281
3.529464900493622
4.938822388648987
4.716095924377441
4.499847888946533
4.410420656204224
4.71059650182724
4.88133430480957
4.799167513847351
4.605317115783691
4.840532839298248
4.206174314022064
4.661515653133392
4.028088748455048
4.779489636421204
4.394151568412781
4.8238325119018555
4.946842193603516
4.635788798332214
4.85952764749527
4.096742570400238
4.70135360956192
4.930087924003601
3.6783942580223083
4.637526869773865
4.753258228302002
4.55118328332901
1.290513426065445
4.773782789707184
4.876313805580139
4.677213430404663
4.858784079551697
4.875300824642181
4.274850487709045
4.915134906768799
4.661948084831238
3.8895514607429504
4.804868400096893
4.855271875858307
3.591718077659607
4.586450159549713
3.860095739364624
4.702702462673187
4.786329865455627
4.062933623790741
4.893201291561127
3.536730706691742
4.147067666053772
4.801948666572571
3.048131763935089
4.8815470933914185
4.542735517024994
4.305949807167053
4.122209250926971
4.948228895664215
4.5578500628471375
4.283526241779327
4.586405158042908
4.8431506752967834
4.306419491767883
4.744347035884857
4.909737706184387
4.475047588348389
4.514236748218536
4.881975948810577
4.867415428161621
4.473274350166321
4.88565057516098
4.773492217063904
4.95305210351944
3.4526225924491882
4.719361066818237
4.545695781707764
4.702698290348053
4.606171250343323
4.825805723667145
4.878925383090973
4.724770188331604
4.9239325523376465
4.710851609706879
3.8340556621551514
4.821832180023193
4.379236400127411
4.91925835609436
4.355197250843048
4.056014716625214
4.877126514911652
3.6742734909057617
4.602027237415314
4.295465052127838
3.8551095128059387
4.75714236497879
4.828082621097565
4.512879252433777
4.095235764980316
2.50345379114151
4.838832914829254
4.61916446685791
4.703091084957123
4.894208312034607
3.8751891255378723
4.772142469882965
4.815040230751038
4.911826550960541
4.425217807292938
4.803248643875122
3.4865742921829224
4.724988639354706
4.498122930526733
4.102753698825836
4.31742399930954
4.732630550861359
4.755001962184906
4.007258713245392
2.484387755393982
4.952723681926727
3.826723098754883
4.509766399860382
4.235104918479919
4.920901954174042
4.041836857795715
4.179209768772125
4.518465101718903
2.3494312167167664
4.350351989269257
4.664667248725891
4.9480995535850525
4.480888545513153
4.709834158420563
4.952542781829834
4.907762706279755
3.8756585121154785
4.459008574485779
3.422095775604248
4.884794056415558
4.922366142272949
4.004442095756531
4.601306319236755
4.790254235267639
4.90376204252243
4.88810658454895
3.603750765323639
4.208797514438629
4.915897250175476
4.519832134246826
4.865922629833221
4.609648287296295
4.959227740764618
1.2434126436710358
4.368146359920502
4.7458648681640625
1.9621075689792633
4.846587777137756
4.364365935325623
4.901671409606934
4.734888970851898
4.563885033130646
4.76493626832962
4.924639165401459
4.814440011978149
4.594223499298096
4.9288225173950195
4.3819087743759155
4.907239377498627
4.699031710624695
4.790218472480774
4.760724604129791
4.774424731731415
3.815317749977112
4.675956070423126
4.750575423240662
4.2728593945503235
4.510403573513031
4.634573459625244
4.748492538928986
4.9315959215164185
4.677092134952545
4.187265634536743
4.934719800949097
4.781348705291748
4.804513156414032
4.1534218192100525
4.014826118946075
4.520056843757629
4.330683052539825
4.196833968162537
4.93051141500473
4.168621301651001
4.6681734919548035
2.602417469024658
4.765198528766632
3.9273089170455933
4.466028809547424
3.3052659034729004
3.697817027568817
4.954653680324554
4.220877587795258
4.977494776248932
4.926806688308716
3.461950719356537
4.974442720413208
4.848166108131409
4.856689274311066
4.8034557700157166
4.019494950771332
4.727667570114136
4.636635184288025
3.5586965084075928
4.770159423351288
4.726994633674622
4.677998423576355
4.351130425930023
4.590713381767273
4.6022966504096985
4.724392294883728
4.227553009986877
4.59361732006073
2.7515146136283875
4.743909239768982
4.874812066555023
4.944954216480255
2.4834582209587097
4.801132082939148
4.447042346000671
3.5758718848228455
4.8466479778289795
3.7946543097496033
4.819380044937134
4.47962611913681
4.656126499176025
4.646421372890472
4.474408328533173
4.876210689544678
4.4653430581092834
4.712744057178497
3.612082004547119
4.254968166351318
3.8364416360855103
4.5548611879348755
4.801597893238068
4.561319053173065
4.53266441822052
4.592276513576508
4.447295665740967
1.772833913564682
4.928508698940277
3.927031457424164
4.798437058925629
4.697991907596588
2.3646777868270874
4.664736092090607
4.261332452297211
4.087972342967987
4.889879524707794
3.6163485050201416
4.107663035392761
4.830663800239563
3.013157546520233
4.39805805683136
4.935354292392731
4.518704414367676
2.9343655705451965
4.683894515037537
4.342942237854004
4.381527900695801
3.186761438846588
2.039288580417633
3.1060707569122314
4.726400375366211
4.829504489898682
4.2795369029045105
3.9012178778648376
4.466287195682526
4.578507244586945
4.670862853527069
4.797153472900391
4.301266968250275
4.58705335855484
4.944473505020142
3.713175654411316
3.835766315460205
4.634416997432709
4.365040361881256
4.262804687023163
4.713058173656464
4.24157053232193
3.5008692741394043
3.726925551891327
2.963648736476898
3.865106999874115
1.8250486254692078
4.064681231975555
4.6643319725990295
3.4182968735694885
4.195200800895691
4.852579236030579
4.906984865665436
4.803306758403778
4.930879771709442
4.548885226249695
4.762523174285889
4.451320171356201
4.5088788866996765
4.584199786186218
3.5173118114471436
3.489871919155121
2.7063605189323425
4.643721878528595
4.372241497039795
4.592212736606598
2.421770542860031
4.7507044672966
4.683285057544708
1.4950796961784363
2.847217619419098
4.6342673897743225
4.471237659454346
4.6210867166519165
3.747124671936035
4.743397235870361
4.745394587516785
4.858734309673309
4.346426725387573
4.0043699741363525
4.718748927116394
4.724296927452087
2.188189774751663
4.063048362731934
4.586907923221588
3.396478593349457
4.7325825691223145
4.164338707923889
4.676741361618042
4.769501984119415
3.72600257396698
2.5162145495414734
4.139942228794098
4.448607265949249
4.646652638912201
2.7669432759284973
1.772630214691162
4.840526282787323
4.049907326698303
3.499617278575897
3.8003531098365784
3.5963553190231323
3.9530903100967407
2.4130411446094513
2.409326434135437
4.360224008560181
4.138635694980621
4.05687689781189
3.7851929664611816
3.820357620716095
4.753375053405762
4.105183184146881
4.892440140247345
1.6692845523357391
4.716024696826935
3.635803759098053
4.912652373313904
2.621752917766571
4.633109271526337
4.144425690174103
4.576441943645477
4.554310142993927
4.413903057575226
1.1205320805311203
4.609667956829071
3.7151139974594116
4.649800360202789
4.563187658786774
4.820241332054138
4.752100706100464
3.6794257164001465
4.798628091812134
3.4979546070098877
4.391216933727264
4.6404677629470825
3.951117992401123
4.4811272621154785
4.553671479225159
4.2941200733184814
3.2925617694854736
2.6646247506141663
4.309815168380737
4.3132635951042175
3.777422606945038
0.904398038983345
3.525548279285431
4.844880700111389
4.071080982685089
4.842787086963654
4.418064653873444
3.312956988811493
2.648458480834961
4.396686851978302
4.448186755180359
2.3008710145950317
4.392437040805817
4.5484039187431335
4.153642356395721
4.682576358318329
3.5773643851280212
1.2952445447444916
4.627304673194885
4.305845499038696
3.1821629405021667
0.4718729853630066
4.529933929443359
4.759590327739716
4.40192848443985
4.389135837554932
4.918187856674194
4.861485064029694
2.2877122461795807
3.858806788921356
2.950539290904999
4.55858439207077
4.05055969953537
4.638468325138092
0.21230051293969154
4.736327230930328
2.87377268075943
4.781275391578674
4.0062215924263
0.73319211602211
2.737358808517456
3.79099577665329
3.8661596179008484
2.5512143969535828
4.384198784828186
4.495931565761566
3.4535175561904907
4.3917155265808105
4.3853989243507385
4.490906000137329
4.638869762420654
2.3156222701072693
4.759135544300079
4.930656552314758
4.698536396026611
3.845037519931793
4.347246587276459
2.361491322517395
4.662775695323944
3.158605396747589
4.715539813041687
3.454750180244446
3.750627338886261
1.8227170407772064
4.318608939647675
3.707602024078369
3.4142398834228516
4.148235023021698
3.760402202606201
3.185279965400696
4.756582677364349
2.99835205078125
4.358559846878052
3.895622193813324
2.200290560722351
4.6883562207221985
4.926213920116425
3.5779625177383423
3.2234707474708557
4.2066022753715515
2.1369458734989166
2.3409274220466614
1.109994575381279
3.3444321155548096
4.85077291727066
4.485518932342529
2.5765588879585266
3.850148320198059
2.812894880771637
4.500662982463837
4.559284448623657
4.226218163967133
4.2744386196136475
4.8587217926979065
2.7866682410240173
4.121822118759155
3.237224519252777
2.7359789609909058
4.3423110246658325
4.078235626220703
4.73614364862442
4.888706803321838
2.576027512550354
4.320909678936005
3.2461127638816833
2.2226841747760773
3.876296877861023
4.458024799823761
4.677005112171173
4.14808988571167
3.004022538661957
4.803096354007721
3.7491565942764282
4.423168897628784
4.455004334449768
3.9235660433769226
4.1752564907073975
4.070494174957275
3.957825005054474
4.000869691371918
3.0162134766578674
4.815031290054321
4.25788938999176
4.856334030628204
4.101496338844299
4.700016677379608
4.134182929992676
4.019199013710022
1.0964173078536987
4.444623291492462
3.7420380115509033
3.5324034094810486
2.8413420915603638
3.719814419746399
4.568968117237091
3.59516441822052
3.8750526309013367
2.7404218912124634
1.1586292833089828
4.258945882320404
4.317409992218018
4.440397620201111
1.6168877482414246
1.6568872332572937
4.763624668121338
4.7441065311431885
4.569322168827057
2.7511557936668396
3.103382885456085
0.9293147921562195
4.467929303646088
4.80659157037735
4.758470058441162
4.470501244068146
4.893580377101898
0.9775784611701965
4.537827968597412
3.7675675749778748
2.748614549636841
4.23658162355423
1.587679237127304
4.045189619064331
4.322925806045532
3.529571294784546
3.7653297185897827
4.438018500804901
3.986976146697998
3.616117537021637
2.9527446627616882
2.1416766941547394
2.27861687541008
4.71398264169693
3.0663564801216125
2.2230955958366394
4.473118782043457
4.739289581775665
3.2370778918266296
4.522185325622559
4.485915899276733
3.742258846759796
2.798033356666565
3.9585211873054504
4.503895044326782
4.522688090801239
3.5412347316741943
4.011839330196381
1.6171103715896606
4.6550053358078
2.9574930667877197
4.678575098514557
1.4836949110031128
1.5283076465129852
3.000911772251129
4.113165736198425
2.155313640832901
2.3545165359973907
3.6348745226860046
3.115668296813965
4.164797067642212
4.113608002662659
2.3268435895442963
4.691154658794403
3.651251196861267
2.3858660459518433
4.704396724700928
3.908224403858185
3.840181827545166
4.759511053562164
4.704611301422119
1.6001428663730621
3.078252375125885
0.6922272592782974
4.0311455726623535
3.6358556151390076
4.185353517532349
1.9634513556957245
3.5188665986061096
4.405987858772278
4.807855784893036
4.686549007892609
3.5885271430015564
1.6190205514431
3.9443928003311157
3.572683334350586
4.21675831079483
4.497586488723755
4.576693773269653
4.648999273777008
4.163768291473389
4.348888397216797
0.29224175959825516
1.5324151515960693
1.4525888860225677
3.6336520314216614
3.865414559841156
4.44240540266037
4.962846636772156
-1.0642898827791214
4.0790364146232605
4.143026769161224
4.8093754053115845
4.883790016174316
4.779936373233795
4.9580711126327515
4.984651803970337
4.417760670185089
4.780493080615997
4.9056291580200195
-0.44139448553323746
4.145346581935883
3.940281569957733
4.841809868812561
4.861977696418762
4.174362421035767
3.465825319290161
4.950864017009735
2.5821542739868164
4.479692578315735
4.841499924659729
4.763698577880859
3.0661731958389282
4.535128474235535
3.7271907925605774
4.624966084957123
4.984142184257507
4.851792752742767
4.978570938110352
4.762594401836395
4.423527717590332
4.370021224021912
4.593319296836853
4.653227925300598
4.25650954246521
4.820858538150787
0.9959973394870758
4.838376343250275
2.1256710588932037
4.695289134979248
4.837053716182709
4.028218686580658
4.769688248634338
4.942792356014252
0.2406274527311325
-0.737738162279129
3.5917657613754272
3.4285426139831543
4.618203639984131
4.753551781177521
4.620969593524933
-0.3243309259414673
4.70630943775177
4.958685338497162
3.548057973384857
3.748564124107361
3.8423198461532593
3.933872878551483
4.539789855480194
4.866602420806885
4.8587289452552795
4.781030714511871
4.6035948395729065
3.4761425852775574
4.882254600524902
4.853307604789734
4.917730689048767
4.623992443084717
4.3004754185676575
3.1409427523612976
4.737409055233002
2.546648383140564
-0.2055993676185608
4.2417386174201965
4.695352017879486
4.911688566207886
4.8720383644104
4.669664800167084
4.4842529296875
4.309092462062836
4.67415452003479
2.0838961005210876
-0.48024408519268036
0.10131296701729298
3.2326939702033997
1.5366123616695404
0.1059909537434578
3.5323309898376465
4.850788712501526
3.257312774658203
4.837037920951843
4.679608345031738
3.531242311000824
4.762274920940399
4.030344784259796
4.599610865116119
4.580358564853668
3.070676326751709
4.959366023540497
4.710860252380371
1.7876659333705902
3.7408283352851868
2.4208584427833557
4.662818908691406
4.831016659736633
4.958856105804443
4.732707738876343
4.662880897521973
4.837782979011536
4.241158664226532
4.6644967794418335
4.768047034740448
2.4982669949531555
4.576071202754974
1.027403101325035
4.52455073595047
4.704592823982239
4.077537655830383
4.911054372787476
4.631763994693756
3.9163267612457275
2.8555163741111755
4.953873157501221
4.84378457069397
4.260369837284088
4.534237384796143
2.5622043013572693
4.564414918422699
-0.10287955403327942
4.862431883811951
4.305180609226227
4.85262930393219
4.493167698383331
4.647067189216614
4.851274788379669
4.6061259508132935
4.860310852527618
4.770052134990692
4.393621385097504
4.857175648212433
4.860844314098358
4.668416082859039
4.053733050823212
3.0081161856651306
0.8599436283111572
4.827885627746582
4.640274345874786
1.3794547319412231
4.596342742443085
1.946607530117035
4.821500182151794
4.820961952209473
4.0860068798065186
3.206191062927246
4.248796701431274
4.888848066329956
4.864516258239746
4.700696170330048
4.948291182518005
4.308699071407318
4.1742053627967834
4.73373681306839
4.76228266954422
4.671592712402344
3.7884098291397095
4.211991727352142
4.937418699264526
4.802030324935913
3.358202874660492
4.13312554359436
3.8126668334007263
4.009873569011688
4.634273052215576
4.826425611972809
3.8693830370903015
3.6863163113594055
2.442588210105896
3.7484678626060486
3.726816773414612
4.6736079454422
2.823975086212158
4.45694774389267
3.0678728222846985
4.738440811634064
3.5178422927856445
3.760323226451874
4.670332968235016
4.727554619312286
2.1857742965221405
4.8392921686172485
4.433550834655762
2.7388039231300354
4.681627154350281
2.103032171726227
4.839206039905548
4.6812328696250916
4.717511236667633
4.78853166103363
4.604006409645081
4.775271117687225
3.8184714317321777
4.931765794754028
4.400960206985474
2.322908490896225
4.50967401266098
4.363190233707428
1.8760590255260468
3.461509644985199
4.721753001213074
4.781108200550079
2.3671697080135345
4.589235186576843
4.440433979034424
2.128761261701584
2.9032155871391296
4.952108263969421
4.275192022323608
3.6042842268943787
3.8689738512039185
-2.8677192330360413
4.345082342624664
4.63783323764801
3.9139625430107117
4.2138805985450745
4.438005089759827
3.43184232711792
3.546665906906128
4.894349575042725
4.175881743431091
2.186468541622162
4.313580393791199
3.5709482431411743
3.209710121154785
4.6517109870910645
4.729466736316681
4.800553321838379
2.7888503670692444
4.783549904823303
1.863882839679718
4.325653910636902
1.2194129824638367
3.1236296892166138
4.8200419545173645
3.940059542655945
4.92892324924469
3.971516788005829
3.734709620475769
4.770719408988953
4.5536816120147705
3.8163113594055176
4.391844570636749
4.8923563957214355
4.470037817955017
3.3605781197547913
3.083207905292511
4.56869900226593
4.710680246353149
3.829922676086426
3.7931200861930847
3.5450780391693115
3.858448565006256
3.381798565387726
1.428355872631073
3.433392345905304
3.472031056880951
4.594780206680298
3.016985058784485
4.20932799577713
4.9411943554878235
2.8410670161247253
4.53382670879364
4.708257019519806
4.735274016857147
4.746306538581848
4.509277045726776
1.0511985421180725
4.138836860656738
3.2396742701530457
2.8958305716514587
4.9639105796813965
4.030746221542358
4.791123270988464
1.083173155784607
4.529513716697693
4.042841196060181
4.7237628698349
3.3036845922470093
4.666615724563599
3.722476363182068
3.9816468954086304
2.303435057401657
4.2440226674079895
3.5181865096092224
0.5237026885151863
4.068097174167633
4.7081997990608215
4.749053120613098
4.658297896385193
3.6259615421295166
3.7894970178604126
4.553255140781403
4.76326584815979
3.7476882338523865
4.560479819774628
4.618560075759888
4.714567959308624
4.37080979347229
3.296191394329071
1.4684808254241943
4.901799857616425
2.1322637796401978
3.354792296886444
4.510204792022705
4.84761506319046
3.615522086620331
4.276379644870758
3.509470522403717
3.7851762771606445
4.487938284873962
3.786454200744629
4.69076931476593
2.8136882185935974
2.7392256259918213
3.8707682490348816
3.9849570393562317
0.48159271478652954
3.1550216674804688
4.55048531293869
2.5806090235710144
4.37033087015152
3.9196452498435974
3.818243443965912
1.7451775074005127
2.754989266395569
3.9272859692573547
3.7422677874565125
3.628377616405487
1.7308980226516724
2.688031494617462
4.218525290489197
2.2767722606658936
4.326428472995758
4.693284332752228
-1.8243910372257233
3.5617509484291077
4.034466743469238
4.682525098323822
3.9990898966789246
4.955925345420837
4.27556574344635
3.1677913665771484
4.475433528423309
4.687811434268951
2.0619359612464905
3.9605018496513367
0.26191554963588715
3.9602795243263245
3.624640107154846
3.647104501724243
4.419047236442566
3.151606321334839
3.5712221264839172
4.153766930103302
4.18376237154007
4.54990029335022
-0.725487545132637
2.566150724887848
4.390789270401001
4.626087248325348
4.8096901178359985
3.3314332365989685
3.3636242151260376
4.668561816215515
3.926296830177307
-0.8645021915435791
3.98844838142395
3.3966949582099915
4.50013130903244
3.457236886024475
3.5509908199310303
3.7233594059944153
4.476866722106934
4.2420512437820435
4.333535134792328
4.265879988670349
4.32284414768219
3.7465542554855347
3.7867334485054016
4.015223681926727
4.491530656814575
4.411575794219971
4.1927337646484375
2.23029688000679
2.7396678924560547
4.1722241044044495
4.5647212862968445
4.050992131233215
4.091160595417023
4.65568482875824
4.316566288471222
4.019348323345184
0.3228611871600151
4.1523924469947815
3.9804553985595703
3.9403408765792847
4.4446927309036255
2.6750805974006653
1.7662891745567322
4.439524710178375
2.7973076701164246
3.2966649532318115
3.1348228454589844
4.290759861469269
2.7579739689826965
3.7660741806030273
4.833612740039825
3.810887038707733
4.427870512008667
4.785013198852539
1.9907788932323456
4.7685399651527405
2.9495951533317566
0.5721629410982132
4.379923045635223
3.347770869731903
4.611186683177948
3.4335729479789734
3.4424221515655518
2.5551798939704895
4.567261338233948
4.906435906887054
3.676535189151764
3.053184747695923
4.043402969837189
3.319867253303528
1.364562064409256
3.3456817269325256
3.534756302833557
4.7555699944496155
3.416619300842285
4.0092819929122925
4.136390388011932
4.524519145488739
1.4638857543468475
1.717970222234726
4.181840419769287
1.4914515614509583
4.454487860202789
4.765978753566742
0.7475749403238297
2.1696513891220093
1.8229946494102478
0.4702731594443321
2.9112884402275085
4.06640887260437
4.348144233226776
2.7407094836235046
4.347076714038849
2.649582028388977
2.48393252491951
2.7786412835121155
3.943547308444977
3.276965022087097
1.2767413258552551
1.8890854716300964
4.1584113240242
3.235786259174347
3.794729709625244
3.3258628845214844
4.196639657020569
4.360607266426086
2.832101881504059
4.925967752933502
4.439258873462677
3.8123154640197754
3.9968273043632507
3.4148457646369934
4.6919044852256775
2.428082525730133
3.8802918791770935
3.9819756150245667
3.714630603790283
4.158301055431366
4.304313361644745
3.0122464895248413
4.8024943470954895
4.000399112701416
2.759582996368408
2.6965713500976562
4.633246958255768
3.9750242233276367
4.373360574245453
1.5440177917480469
3.41510146856308
1.8805691599845886
1.6937904059886932
1.1146693676710129
1.7025083303451538
3.365711271762848
3.764142394065857
3.037051260471344
-1.9503355026245117
1.2986820936203003
4.42505419254303
0.15599450096488
0.7199420034885406
0.6717528402805328
3.7860167026519775
2.6999640464782715
3.1206271052360535
1.4230446517467499
0.7455499470233917
1.5897643566131592
1.0749783366918564
2.9568523168563843
3.2469311356544495
3.0724576115608215
4.402762055397034
3.943936824798584
4.01589572429657
0.6595515459775925
0.5179667472839355
2.0521627366542816
1.2388860434293747
3.3083507418632507
3.6099231243133545
-0.8126162737607956
3.2690823078155518
4.771334528923035
3.7873440980911255
1.8121902644634247
3.8732627034187317
2.1880416572093964
3.8381946086883545
3.5568174719810486
2.417500764131546
-0.7985235750675201
3.615499436855316
3.804282546043396
3.0169421434402466
3.7536591291427612
2.0574772357940674
2.09341898560524
2.6057973504066467
1.7465858161449432
-0.4690249636769295
1.8899095058441162
4.410269558429718
3.7646484375
2.8665271401405334
2.9736140370368958
2.0330679416656494
2.7711069583892822
4.5665377378463745
3.4392350912094116
2.4005472660064697
4.185022413730621
3.8439160585403442
2.933398485183716
0.245789997279644
-0.38247376680374146
1.3472475111484528
3.6511290073394775
2.03332856297493
1.1039957404136658
1.7831133306026459
1.3770291209220886
3.1631270051002502
1.3205581903457642
3.6869701743125916
3.946022093296051
4.404140412807465
4.233861267566681
2.8328222036361694
3.918863832950592
2.230348140001297
2.648415267467499
3.680580258369446
4.668876826763153
2.380354404449463
3.6243194341659546
1.314113587141037
2.567259967327118
2.70089328289032
2.802988886833191
-0.2518497593700886
3.0973759293556213
3.065413534641266
2.278331220149994
2.7157941460609436
3.8553592562675476
3.8722023367881775
3.0691587924957275
3.3963435888290405
0.3666706010699272
-1.4921315014362335
4.126889705657959
2.4897199869155884
3.9500606060028076
3.4302207827568054
3.529457747936249
3.0138838291168213
1.5233437716960907
2.282072752714157
0.8687019348144531
1.735190898180008
2.7502384781837463
2.5524097681045532
-2.3627805709838867
3.3211812376976013
1.730787754058838
-0.6893946975469589
2.840562164783478
3.672938644886017
4.190419614315033
3.078036904335022
2.710060179233551
4.309310019016266
4.497533738613129
3.7226125597953796
-0.2487190067768097
3.3164870738983154
0.2881508506834507
1.3373814523220062
2.1590766310691833
0.5510405451059341
4.457495212554932
4.540227055549622
2.2152677178382874
3.578372597694397
2.1064503490924835
4.259116351604462
2.8425252437591553
3.0519461631774902
4.2486572265625
3.6593076586723328
2.912755012512207
4.490648508071899
1.6503611207008362
1.364799588918686
1.8431757390499115
1.9730226695537567
4.715567231178284
3.8402342796325684
3.1035950779914856
1.635235995054245
2.8797441720962524
2.4640028178691864
3.134705424308777
3.372383713722229
4.789780378341675
3.8227349519729614
4.0537190437316895
3.6428186297416687
2.6033779978752136
2.9890772700309753
2.325938493013382
0.6642596423625946
-1.167302280664444
3.721342086791992
-1.56079962849617
0.28511419892311096
3.848169445991516
4.180325269699097
4.042632579803467
2.194363623857498
1.1043579131364822
-0.248741265386343
0.1910397782921791
4.716262519359589
3.1625014543533325
0.4169147089123726
4.647355079650879
1.2427109479904175
4.373128712177277
4.151840806007385
2.766354978084564
1.566845327615738
0.8385470509529114
4.354684948921204
3.448815941810608
3.5926049947738647
2.5935789942741394
3.5076388716697693
3.4842604398727417
4.370527863502502
0.8390426635742188
0.3966384753584862
4.622878730297089
1.7248624563217163
2.7152299880981445
0.4199722781777382
1.9929899275302887
2.8658047318458557
2.458241730928421
2.4040547013282776
1.3390655815601349
3.355090618133545
2.87842720746994
3.576749265193939
