4.945909380912781
4.343312084674835
4.7532713413238525
3.9504793286323547
4.852370321750641
4.916825294494629
4.932498335838318
4.676063060760498
4.729525446891785
4.857541918754578
2.6484891772270203
4.50373113155365
2.9285672307014465
4.905709326267242
4.861360788345337
4.437620639801025
4.784626662731171
4.209699034690857
3.9719021320343018
4.159365892410278
4.263936281204224
3.6478418111801147
4.865594804286957
3.1271320581436157
4.966279864311218
4.912915527820587
4.782242774963379
2.7681267261505127
3.9016193151474
4.544695317745209
4.8508307337760925
4.357633292675018
1.3850045204162598
4.146409332752228
4.608508050441742
4.4645801186561584
4.921918511390686
4.839906394481659
3.140803873538971
4.929653108119965
4.7817301750183105
3.503442108631134
4.453564286231995
4.904646873474121
4.740030467510223
3.0979150533676147
4.905167520046234
3.136085271835327
3.1969884037971497
4.390375316143036
4.912614822387695
4.938063323497772
4.3516236543655396
4.318631887435913
0.5949579924345016
4.310228228569031
4.520804286003113
4.577588737010956
4.829431772232056
4.751183390617371
2.1626710891723633
4.676073789596558
4.394830167293549
4.944936633110046
3.3290064334869385
4.936611652374268
4.6125683188438416
4.608798027038574
4.932614862918854
2.4144597351551056
4.311284720897675
3.6699536442756653
4.517771601676941
4.441440105438232
4.8730990290641785
3.7571847438812256
4.8680537939071655
3.0506235361099243
4.572730660438538
4.280221164226532
4.8785799741744995
4.848474562168121
4.943717420101166
4.665800929069519
4.9535757303237915
4.420996904373169
4.0635451674461365
4.800024330615997
4.5658957958221436
4.724798798561096
4.9000900983810425
4.889180064201355
4.903865456581116
4.074568450450897
4.6361517906188965
4.046796262264252
4.239867329597473
3.71421217918396
3.2212522625923157
4.803338646888733
4.162948131561279
4.223120212554932
4.842430651187897
4.874529242515564
4.891906678676605
4.120113551616669
3.5028666257858276
4.7656020522117615
4.269825220108032
4.696783721446991
3.480882942676544
4.699201881885529
4.947740137577057
4.155009984970093
4.936453998088837
4.912879168987274
3.853742778301239
4.787729978561401
4.93009626865387
4.927585422992706
4.628741145133972
4.892060458660126
4.530768096446991
4.220576584339142
4.051210880279541
3.970465064048767
4.8578497767448425
4.367813169956207
4.774728715419769
4.9069854617118835
4.861387312412262
4.861626029014587
4.296664297580719
4.510693252086639
4.703232049942017
3.8971778750419617
4.6783363819122314
4.929525554180145
3.1973129510879517
4.847041964530945
4.533584117889404
4.5496004819869995
4.763999283313751
4.6693918108940125
4.236466288566589
4.916900098323822
4.784148633480072
4.311290383338928
4.949415624141693
4.440779983997345
4.841156601905823
4.314752221107483
4.69668984413147
4.272356033325195
3.6575061082839966
3.6901649832725525
4.638344645500183
4.9312955141067505
3.754070997238159
4.94078129529953
4.894145429134369
4.356207251548767
4.747640490531921
4.884949624538422
4.9434345960617065
4.806796908378601
4.576640725135803
4.458321034908295
3.8620680570602417
2.8765517473220825
4.061743319034576
4.551633894443512
4.828653037548065
4.600900113582611
4.873452186584473
4.721406400203705
4.290538132190704
4.33973103761673
4.908848404884338
4.799943566322327
4.879834353923798
4.958063364028931
4.748395681381226
3.826918303966522
4.811965227127075
2.444121092557907
4.937620162963867
2.011680006980896
3.9754629135131836
4.702320098876953
4.812107682228088
3.801351487636566
3.353707194328308
4.90152508020401
4.93366152048111
4.885271489620209
4.929287135601044
3.018099069595337
4.788209795951843
4.232126474380493
4.211816191673279
-0.07092644926160574
4.54837828874588
4.366703629493713
4.615365266799927
4.916491508483887
4.14811372756958
3.1957513093948364
4.802728593349457
4.899257123470306
4.950362741947174
4.527653455734253
2.7943837642669678
3.7835049629211426
4.867606163024902
4.490528702735901
3.153930902481079
4.303966164588928
4.946869611740112
4.732891619205475
4.740006923675537
4.916681945323944
4.936645328998566
2.8724679350852966
4.235383868217468
4.496576189994812
4.563877880573273
4.51669454574585
3.7693756818771362
4.945323169231415
4.592919945716858
4.717757701873779
3.835919499397278
4.10209447145462
4.13914829492569
4.065267443656921
4.942297339439392
4.847469925880432
4.762977361679077
4.7809818387031555
4.937884211540222
4.015234410762787
3.490508496761322
4.9302738904953
4.971193373203278
4.8552969098091125
4.4378238916397095
4.696472585201263
4.570479691028595
4.937605261802673
4.656685292720795
4.844452440738678
3.344101905822754
4.926519393920898
4.180261790752411
4.673100411891937
3.544435501098633
4.744321703910828
4.14928674697876
4.7266194224357605
4.931644797325134
3.945954442024231
4.952724277973175
4.943778216838837
4.4551679491996765
4.952818155288696
4.378687739372253
4.6976810693740845
4.4343701004981995
4.945681393146515
4.852617979049683
4.50999915599823
4.692507982254028
2.541479468345642
4.7976332902908325
4.819853603839874
4.897507727146149
2.3470816016197205
4.906022250652313
4.862959086894989
2.8933334350585938
4.1755786538124084
3.79065603017807
4.707505404949188
4.945741593837738
3.580613434314728
4.924599826335907
4.7415173053741455
4.752629101276398
4.311385452747345
4.207265079021454
2.6756367087364197
4.707044064998627
4.5984601974487305
2.9086628556251526
4.93704229593277
4.740293323993683
3.6860015988349915
3.561520576477051
3.1465744972229004
4.379294812679291
4.907378554344177
4.9332427978515625
4.030942022800446
4.910658895969391
4.850718080997467
4.323277771472931
3.2486462593078613
4.644607305526733
4.598044455051422
4.746139943599701
4.473569989204407
4.7437286376953125
3.993803560733795
4.001462459564209
3.8886478543281555
4.807465672492981
3.5748451948165894
4.84961599111557
4.499935209751129
4.1764673590660095
4.673024117946625
4.377063512802124
3.7266653776168823
4.715051352977753
3.6303746700286865
3.906187415122986
4.820474982261658
2.0862700045108795
4.511698782444
4.448334276676178
3.7969011068344116
4.607765376567841
4.804140329360962
4.785358309745789
4.425728917121887
4.536375999450684
4.022127389907837
3.7465623021125793
3.790593147277832
2.4442318081855774
2.517956495285034
4.488507509231567
4.953283965587616
3.9144572615623474
4.915936291217804
3.6569029092788696
4.369743168354034
4.943833649158478
4.29818719625473
-1.4392335712909698
4.511100649833679
3.778594434261322
4.821990728378296
3.8179710507392883
4.8165759444236755
4.769264459609985
4.799500107765198
3.784535229206085
4.457725882530212
4.777155816555023
4.3532878160476685
4.468941390514374
4.943340718746185
4.893489181995392
4.7367459535598755
4.927010238170624
4.631284475326538
4.8630982637405396
4.871065318584442
4.621221423149109
2.498798370361328
4.206197261810303
4.411008059978485
4.817140102386475
4.844286143779755
4.906263649463654
4.914272129535675
4.617096185684204
4.923900365829468
4.88606333732605
4.7582826018333435
4.831430912017822
4.63778018951416
4.144727885723114
4.478783309459686
4.702686667442322
3.5465171933174133
3.460015058517456
4.838534891605377
4.668334126472473
4.783467650413513
4.64921236038208
1.5353955328464508
4.621606171131134
4.799173474311829
4.318004250526428
4.753429591655731
4.0246570110321045
3.7447920441627502
4.8406970500946045
4.741289019584656
4.738829433917999
4.937517940998077
4.323360323905945
4.606867134571075
4.6052539348602295
3.800975978374481
4.7433823347091675
4.897777736186981
3.7047508358955383
4.860935807228088
4.577825665473938
4.420633316040039
3.672063648700714
4.901156723499298
4.943907558917999
4.780400395393372
4.527349174022675
3.860495090484619
4.923621714115143
4.937863647937775
4.860859811306
4.608252644538879
2.9455959796905518
4.591083228588104
1.412932276725769
4.924333095550537
4.604669511318207
4.942862093448639
4.3698930740356445
4.928657114505768
4.785087704658508
4.264717698097229
4.409918785095215
4.836276471614838
4.244494736194611
4.935890436172485
4.907601475715637
2.389897108078003
4.892911016941071
4.813419878482819
4.779985845088959
4.815835654735565
4.856518507003784
4.936787486076355
1.8895842134952545
4.970264136791229
4.486505687236786
2.636280059814453
4.903280436992645
3.3574295043945312
4.205747544765472
4.8811787366867065
4.928046762943268
4.383898973464966
4.889930784702301
4.942201673984528
2.305232882499695
4.89458829164505
4.882394075393677
4.020231366157532
3.9875397086143494
4.8888275027275085
4.321706295013428
4.895378053188324
4.175979197025299
4.902476966381073
4.897811412811279
4.511213004589081
4.6200209856033325
4.8644256591796875
4.664139747619629
4.024112522602081
4.710361361503601
4.0346527099609375
4.0566471219062805
4.4150713086128235
4.812338948249817
4.890091717243195
4.852505028247833
3.5301849246025085
4.86994206905365
2.0446109771728516
3.9956048130989075
4.592364728450775
4.917632043361664
4.954717457294464
3.3477041125297546
2.9013490676879883
3.560156524181366
4.561681151390076
4.870427250862122
4.633403718471527
3.995005190372467
3.8813140988349915
4.885005354881287
0.29549162834882736
4.926336109638214
4.852772653102875
4.565362334251404
4.941891729831696
3.9972886443138123
4.962190389633179
4.419683814048767
4.866218864917755
4.4877806305885315
4.459807574748993
4.7090524435043335
4.803377985954285
4.958095550537109
3.9751267433166504
4.941836297512054
4.584039747714996
4.7021424770355225
4.769217669963837
4.123809337615967
4.3468087911605835
4.673458635807037
4.773918688297272
3.9709079265594482
4.784421026706696
4.742422699928284
4.363093674182892
4.307837784290314
4.45017546415329
4.850107431411743
2.3349907994270325
4.15552943944931
3.718743324279785
4.625104367733002
4.6568503975868225
0.6574264168739319
4.707898497581482
4.9387529492378235
4.70527708530426
4.097481071949005
3.659449517726898
4.581634104251862
4.896173775196075
4.806490838527679
4.886898398399353
4.681032598018646
4.774542152881622
4.550963044166565
2.8585827350616455
4.771022200584412
4.839539527893066
3.328164517879486
3.1248074769973755
3.5538557171821594
3.6002686619758606
4.725196361541748
4.435744285583496
4.900850057601929
4.853979647159576
4.839324355125427
4.632222056388855
4.370185732841492
4.090189337730408
2.6520776748657227
4.569072425365448
3.5381224751472473
4.89426851272583
4.08999502658844
4.5695459842681885
4.46324348449707
4.715034067630768
4.860946834087372
4.038915634155273
4.943424761295319
4.253055453300476
4.863082468509674
4.924753308296204
3.746243715286255
4.708863198757172
3.1096893548965454
3.9849579334259033
4.753900766372681
4.742861688137054
4.938973784446716
4.631325602531433
3.7753301858901978
4.633505642414093
3.6591842770576477
4.935944974422455
4.2466601729393005
4.939191043376923
4.906059205532074
4.902366995811462
3.682186007499695
4.909428358078003
4.436532258987427
4.134162366390228
3.431161642074585
4.587759971618652
4.856117069721222
4.422717094421387
4.878889620304108
4.939287006855011
4.6072277426719666
4.782880246639252
2.3406492173671722
4.899665117263794
3.87582927942276
4.1258591413497925
4.06737357378006
4.189731180667877
4.783210754394531
4.730234146118164
4.598707854747772
3.883245885372162
4.953880608081818
3.9882585406303406
4.586744904518127
4.9531489610672
3.779429793357849
4.571583271026611
4.934321045875549
4.939447045326233
4.57787424325943
4.82952743768692
4.95412677526474
3.808489739894867
4.6217480301856995
4.637072384357452
3.6344024538993835
4.836966097354889
4.919855296611786
4.9787187576293945
4.949579238891602
4.932339787483215
3.755578398704529
4.677771031856537
4.799734950065613
4.305183589458466
4.723480641841888
2.741023302078247
2.5578027963638306
4.4656288623809814
3.244377076625824
4.365043044090271
4.263749420642853
3.891068398952484
4.685961902141571
4.428423047065735
3.965556025505066
4.473865330219269
2.928304970264435
4.947148263454437
3.5269907116889954
3.818959593772888
4.915722906589508
4.676933288574219
3.7226784229278564
4.907108843326569
4.948936700820923
4.5035794377326965
4.930796027183533
3.673924207687378
4.291664958000183
4.952005743980408
2.597232460975647
3.5909074544906616
4.369559586048126
3.091959059238434
4.937420189380646
4.418822228908539
4.882082939147949
4.8516979813575745
4.847859442234039
4.698673784732819
4.857916235923767
1.4656370878219604
4.9066367745399475
4.304133653640747
4.755123257637024
4.769435226917267
3.1648001074790955
4.8624542355537415
4.6860867738723755
4.937022924423218
3.6730337142944336
4.401974976062775
4.515224993228912
4.628825783729553
4.5270344614982605
4.90688681602478
4.888874888420105
4.018776714801788
4.433656930923462
4.216004312038422
4.290639758110046
3.5458046197891235
4.792538285255432
4.908780455589294
4.793151319026947
4.912987649440765
3.182816803455353
4.236420691013336
4.789728224277496
4.88035649061203
3.156965970993042
3.1145331263542175
4.771396219730377
4.950256049633026
3.9350873231887817
4.598939418792725
4.452029168605804
2.6906776428222656
4.760986864566803
4.958508312702179
3.4170252084732056
4.004254639148712
4.6656060218811035
4.928387701511383
4.579026699066162
3.285258710384369
4.757245182991028
3.9434754848480225
4.826512634754181
4.170435667037964
3.4851914644241333
3.839714229106903
3.8040757179260254
4.734543859958649
2.968006134033203
3.0222120881080627
4.780026972293854
4.928543269634247
4.2310696840286255
3.1418994069099426
4.93831604719162
4.93647575378418
1.786201149225235
4.17908787727356
4.778856933116913
4.2026713490486145
3.744993507862091
3.6906570196151733
4.895938336849213
4.9344393610954285
4.565002620220184
4.655168950557709
3.4015095233917236
4.942164719104767
4.707497656345367
4.621130526065826
4.851574897766113
4.850146770477295
3.9720386266708374
4.304651916027069
4.756410121917725
4.418162405490875
4.795652627944946
4.847826659679413
4.117156267166138
4.65518593788147
4.868402183055878
4.5125651359558105
4.768134653568268
4.869511723518372
4.191505610942841
1.8024015426635742
4.795779585838318
4.5324623584747314
4.7903987765312195
3.7353989481925964
4.825516939163208
4.805319905281067
3.820752501487732
3.9517685770988464
4.795715808868408
1.7356520891189575
4.560876786708832
3.3462944626808167
4.456280767917633
4.882692098617554
4.937256872653961
4.832563996315002
4.721913933753967
4.8460423946380615
4.965662062168121
4.876457154750824
4.3817925453186035
2.2731655836105347
4.616628885269165
4.879320561885834
4.944228827953339
4.882712960243225
1.7939142882823944
3.3904442191123962
4.530886113643646
4.612929821014404
1.687503159046173
3.0005446076393127
4.640110731124878
4.91985410451889
4.709421694278717
3.0112606287002563
4.266535043716431
4.925010800361633
3.410063683986664
4.8397499322891235
4.858142137527466
1.570703536272049
3.4328386187553406
4.101037681102753
4.08949613571167
4.917030036449432
4.907700717449188
4.768335521221161
4.3803054094314575
4.701469242572784
4.7602710127830505
4.940507411956787
2.6524701714515686
4.939773678779602
2.343437373638153
4.303774833679199
3.3815136551856995
4.8379847407341
4.909168481826782
4.365254044532776
3.901744782924652
4.5739564299583435
3.744111955165863
4.812814295291901
4.008930325508118
4.90535706281662
4.806573390960693
4.708334803581238
4.649207890033722
4.599941372871399
4.932124018669128
4.139900505542755
4.8315319418907166
4.937313795089722
4.612054824829102
4.13833886384964
4.55143541097641
4.724015295505524
4.825744032859802
4.966889917850494
1.996733695268631
4.473893046379089
4.356672465801239
4.525961875915527
4.798428416252136
3.065299689769745
4.265539348125458
4.9387383460998535
4.243804514408112
4.845346808433533
4.899658262729645
4.57794725894928
4.894532263278961
4.949872195720673
3.267381191253662
4.802512228488922
4.73676472902298
3.585282862186432
4.379024803638458
4.698973000049591
4.896187782287598
2.7785122394561768
3.44757616519928
3.8956552743911743
3.8750874996185303
4.079678952693939
4.928791522979736
4.780550599098206
4.728090465068817
4.61801141500473
4.342508614063263
2.6974552869796753
3.31258088350296
4.788450300693512
4.727311432361603
4.498882591724396
4.9147045612335205
4.812431037425995
3.491438329219818
4.376232922077179
4.51955258846283
4.547035992145538
4.9327656626701355
4.816634356975555
4.908950328826904
4.1949984431266785
4.755973517894745
4.526475369930267
4.723812639713287
4.839675426483154
4.864170849323273
4.94322806596756
4.833099842071533
4.84034925699234
4.926805198192596
4.402211606502533
4.649634659290314
4.905467629432678
4.149344265460968
4.793796539306641
4.683400094509125
4.619894921779633
4.930619597434998
4.936183989048004
4.652437269687653
3.5476556420326233
4.8664069175720215
4.095180928707123
4.893894791603088
2.702288329601288
4.3679046630859375
4.006850719451904
3.9204975962638855
4.689955711364746
4.439786076545715
3.5280650854110718
4.492480456829071
4.958309531211853
4.880301058292389
2.8355202078819275
2.9483845829963684
4.847556054592133
3.7295469641685486
4.732179045677185
4.2666760087013245
3.526563048362732
4.819636344909668
4.720723330974579
4.42851185798645
2.795456051826477
3.5031545162200928
4.66724306344986
4.807296395301819
4.8223161697387695
4.560925364494324
4.198764860630035
4.919900298118591
4.432765245437622
4.437095522880554
4.8691219091415405
4.440916478633881
4.145443141460419
4.950077831745148
3.930000364780426
3.756885826587677
4.9320995807647705
1.3569670915603638
4.508983790874481
4.836063981056213
4.901063442230225
4.8284173011779785
3.6867988109588623
4.817931652069092
3.1916838884353638
4.766688048839569
4.371281564235687
3.709953725337982
4.847225844860077
4.839354455471039
2.8914445638656616
4.902786910533905
4.303409457206726
3.7183326482772827
4.3033745884895325
4.903914630413055
3.5111233592033386
4.941279590129852
3.073286712169647
3.7641334533691406
4.786825180053711
0.030638461466878653
4.446788728237152
4.927646815776825
3.878023326396942
4.119137227535248
4.931992888450623
4.949597120285034
4.621174931526184
4.006188213825226
4.76851761341095
4.0688905119895935
4.6466875076293945
4.542654752731323
3.810379207134247
4.913542568683624
4.097952842712402
3.7404564023017883
4.372447431087494
4.15570855140686
4.540933966636658
4.544513821601868
4.702734351158142
4.611644148826599
4.4562941789627075
4.832377731800079
4.940159320831299
4.542495310306549
4.8749664425849915
4.5333510637283325
3.752187490463257
4.827532768249512
4.902702271938324
3.5375946760177612
4.800146222114563
4.727964997291565
3.112573027610779
4.8986464738845825
4.767125248908997
4.221213757991791
4.68641072511673
3.7348967790603638
4.2076945304870605
3.089631199836731
2.8431659936904907
3.9551353454589844
1.1087141931056976
4.508706033229828
4.491110146045685
3.807164430618286
4.3049755692481995
3.4859365224838257
3.1749212741851807
2.7600038051605225
4.636084735393524
4.627379775047302
-1.4255349338054657
3.0086860060691833
4.086028039455414
4.910774528980255
4.874465763568878
3.9279836416244507
4.812154769897461
4.875757992267609
4.724336564540863
-0.3908541426062584
3.1762415170669556
4.811618328094482
4.522399008274078
4.860425591468811
4.738017916679382
3.618406057357788
4.896847605705261
4.635326564311981
4.771650433540344
4.8052117228508
4.906556010246277
4.223569929599762
4.238625764846802
4.2758166790008545
3.261464238166809
4.897732138633728
2.9801055788993835
4.01908814907074
4.838618338108063
4.307305812835693
4.6168822050094604
4.260118901729584
4.681857228279114
4.157811105251312
4.123380780220032
4.563761651515961
4.930208325386047
4.936864972114563
4.950595200061798
1.653144508600235
4.800187051296234
4.28671807050705
4.9293869733810425
4.035515785217285
4.406825602054596
3.741677403450012
3.85274201631546
4.497871100902557
4.238927066326141
4.541015326976776
4.368817210197449
4.556693136692047
2.2236526012420654
4.242209494113922
4.910300672054291
4.094420969486237
4.673116207122803
4.933661222457886
4.186682999134064
4.833612740039825
4.684946537017822
3.9299169182777405
4.828254282474518
3.8832882046699524
4.674936830997467
4.948903024196625
4.123135209083557
4.972909390926361
4.84476625919342
4.9471718072891235
4.879069924354553
4.769196510314941
3.9478951692581177
2.684129476547241
4.462646245956421
4.551334083080292
4.450843632221222
4.551480710506439
4.1820138692855835
4.439288675785065
3.7464359402656555
4.565494656562805
4.933675229549408
4.421125054359436
4.974128901958466
4.9443188309669495
4.663378894329071
4.363296031951904
4.908040761947632
0.8032397925853729
4.730425477027893
4.77958470582962
4.883559048175812
4.598347544670105
4.948680996894836
4.86471563577652
4.6410247683525085
4.931028783321381
4.640198349952698
4.695296287536621
3.900521695613861
4.661611914634705
4.884513020515442
4.831741750240326
4.333520531654358
4.9352869391441345
3.011968433856964
2.525462508201599
4.30422842502594
4.374277293682098
3.9719566702842712
4.793859124183655
4.152185916900635
4.658778607845306
4.8813459277153015
4.933763146400452
4.604371786117554
4.899712800979614
4.289134740829468
3.7191590666770935
4.4270434975624084
2.5514549016952515
4.595311284065247
4.822987914085388
0.2273271232843399
3.889164626598358
4.034888446331024
4.8811274766922
3.541717529296875
0.2739418111741543
4.764041006565094
3.8419023156166077
4.896459579467773
4.8548248410224915
4.551670849323273
2.9959511756896973
4.445737600326538
3.8604751229286194
4.459519684314728
3.020533323287964
4.823488295078278
4.339917004108429
4.9400365352630615
4.484526515007019
4.8282164335250854
2.779015898704529
4.855191111564636
4.799701571464539
4.853168725967407
4.914565682411194
4.858955144882202
4.751127064228058
4.875109493732452
4.648938179016113
3.843034505844116
4.494519829750061
4.772301614284515
4.773731529712677
4.83374685049057
3.0189496278762817
3.3365893363952637
4.665038287639618
4.943836033344269
4.56555038690567
4.967503547668457
3.7244105339050293
4.9048396944999695
4.78875070810318
4.883999526500702
3.7140855193138123
3.2037094235420227
4.768021404743195
4.439116716384888
4.858556687831879
4.68772292137146
4.09729540348053
4.858563840389252
4.742893278598785
3.967762291431427
3.572561740875244
1.7706601321697235
4.123351871967316
2.407408505678177
4.923171103000641
4.508301019668579
4.4658127427101135
4.95061993598938
4.930067956447601
4.907291829586029
4.8991817235946655
4.879692494869232
4.953271150588989
4.612863063812256
3.7224528193473816
4.8157799243927
4.755230247974396
4.906315505504608
4.925640225410461
3.4088686108589172
4.370509088039398
4.89972710609436
4.243527352809906
4.700983464717865
4.395678341388702
1.4910589158535004
4.71701592206955
4.9334916472435
4.790457487106323
4.634341895580292
4.759982526302338
2.204445004463196
4.092807173728943
4.621857106685638
4.527862966060638
3.166060447692871
4.828101694583893
4.867226779460907
4.8717838525772095
1.8981905281543732
4.944257736206055
4.50905829668045
4.8854780197143555
4.071614146232605
4.2645058035850525
4.274636507034302
4.927456378936768
4.932468831539154
4.112358391284943
4.886478781700134
1.8629536032676697
4.5265281200408936
4.143027067184448
4.693128764629364
4.238477349281311
3.9513787627220154
4.784671366214752
4.9065858125686646
4.643884301185608
4.9176859855651855
2.200952023267746
3.651270270347595
2.705094814300537
4.816285073757172
4.967560172080994
3.6696526408195496
2.77483731508255
4.8487091064453125
4.920320212841034
4.8918139934539795
4.905647337436676
3.622034192085266
4.849823713302612
3.2550907135009766
4.904897212982178
4.783915281295776
4.925065636634827
1.6527378559112549
4.490265846252441
4.879519939422607
3.335215747356415
4.814923703670502
4.461728930473328
3.553628921508789
4.54892635345459
4.9591028690338135
4.617861211299896
4.616862237453461
2.4423573911190033
4.856158494949341
2.889241874217987
4.899561107158661
4.698107838630676
4.187205731868744
3.976145386695862
4.580648243427277
4.093575477600098
4.86705869436264
2.997327744960785
4.877685606479645
4.515929818153381
1.8150295317173004
2.067459225654602
4.932064712047577
4.828270673751831
4.786956310272217
4.868624806404114
4.875913560390472
4.591111242771149
4.588851034641266
4.435181021690369
4.929977655410767
4.430679082870483
4.584584832191467
4.896550476551056
4.692486226558685
-0.7729915529489517
4.920838177204132
4.654310941696167
4.8810166120529175
4.93435800075531
4.664777219295502
4.370743632316589
4.833759963512421
4.831765294075012
4.408867359161377
4.9638354778289795
4.499483406543732
4.8035502433776855
3.6346855759620667
4.88862156867981
4.3760547041893005
4.269886910915375
1.7335189878940582
4.380240738391876
4.916367828845978
3.969699740409851
4.8407182097435
4.1991496086120605
3.6354565620422363
4.650834500789642
4.85610157251358
2.140616327524185
4.937269687652588
4.075194895267487
4.947041273117065
4.902848601341248
4.75460946559906
4.792725741863251
4.561531841754913
4.8653799295425415
4.42728579044342
4.8183682560920715
4.75483626127243
4.791599214076996
4.5857638120651245
3.7815696001052856
4.953504800796509
4.562079310417175
1.3358180224895477
3.909830152988434
4.9220991134643555
4.971444010734558
4.508399963378906
4.771836996078491
4.236412942409515
4.253464341163635
4.91565078496933
4.502548575401306
4.910796582698822
3.6771926283836365
4.953983724117279
4.887113273143768
4.782806038856506
4.658261835575104
4.909497797489166
2.5409546494483948
4.907979071140289
4.800720512866974
4.800561368465424
3.8601264357566833
4.617420732975006
4.949360191822052
4.72237229347229
4.862539768218994
3.2708460092544556
4.919015467166901
4.92854505777359
4.8466601967811584
3.8659971952438354
4.906646907329559
4.926736056804657
4.9476078152656555
3.8077393174171448
4.884521961212158
4.412995278835297
4.864835739135742
4.736272096633911
4.411226212978363
4.748241305351257
4.211357235908508
4.605764150619507
4.6844682097435
-0.06860331166535616
4.17027473449707
4.733658730983734
4.311847686767578
4.833353161811829
4.0368616580963135
4.401731491088867
4.036465883255005
4.708058536052704
4.5822474360466
4.646329283714294
4.507012367248535
3.92707496881485
4.924659729003906
4.452907741069794
4.873297214508057
4.961323440074921
4.030367434024811
4.673781096935272
4.912557303905487
4.653341472148895
3.92077773809433
2.6832687854766846
4.085919260978699
4.548129141330719
4.908095002174377
4.8318129777908325
4.585849940776825
4.912827014923096
4.670587480068207
4.276961982250214
4.663001894950867
3.062935471534729
3.419618308544159
4.443570375442505
2.8043830394744873
4.91416335105896
4.894589781761169
4.911437034606934
4.658736288547516
4.925942420959473
4.944411814212799
4.914619028568268
4.784603714942932
4.413771033287048
4.846731126308441
2.135607749223709
4.798375368118286
4.4646501541137695
4.760419428348541
4.881261885166168
2.974916100502014
4.947021007537842
3.977487087249756
4.898430109024048
4.4716233015060425
3.5107800364494324
4.171647727489471
4.893077909946442
4.682350754737854
3.860153555870056
4.912585914134979
4.90979939699173
4.744762182235718
4.899247884750366
4.915426969528198
4.585322737693787
3.8023406267166138
4.813417494297028
4.185065925121307
3.6173859238624573
3.761967122554779
4.841732382774353
4.6918705105781555
4.42856639623642
4.175116717815399
3.458212912082672
4.804486632347107
4.822889268398285
4.467099606990814
4.686414897441864
4.968557953834534
4.939903616905212
2.9770126938819885
3.204108476638794
4.7257426381111145
4.87129420042038
4.717605113983154
3.701745569705963
4.858888387680054
4.919863641262054
4.557988941669464
4.854956269264221
4.756479561328888
2.309550493955612
1.7012390494346619
4.97314453125
2.3578789830207825
4.649063050746918
4.68337744474411
4.476422667503357
4.89198237657547
4.596721827983856
4.857873022556305
4.929716885089874
3.8276901841163635
4.944881796836853
4.787408113479614
4.363768696784973
4.90142434835434
4.233930706977844
4.77211982011795
4.789944291114807
4.603321552276611
4.902941584587097
4.946409165859222
4.96554970741272
4.86138641834259
4.706807434558868
4.620911478996277
4.3797242641448975
4.697764217853546
2.3130612075328827
2.2870562970638275
4.847899675369263
4.8866888880729675
4.47946697473526
4.295160174369812
4.219363331794739
4.796738028526306
4.946940243244171
2.6836413145065308
4.513083398342133
3.9727777242660522
3.9419201016426086
1.1598128080368042
4.353356957435608
4.978572726249695
4.927196204662323
4.861579239368439
4.3209221959114075
4.820894300937653
3.019671142101288
4.471272230148315
4.286554753780365
4.932446479797363
4.777717590332031
4.898378252983093
4.70055490732193
3.6608529090881348
4.788875877857208
4.090004563331604
4.549044072628021
4.863487184047699
4.276013672351837
4.638755619525909
2.3652879893779755
4.199122786521912
4.640624225139618
4.282640218734741
2.4264170229434967
4.928523004055023
3.3732473850250244
4.376145303249359
3.445095717906952
3.735499083995819
3.8357433676719666
4.040147960186005
4.934088587760925
4.157812595367432
4.908813238143921
4.420611560344696
4.955933690071106
4.54896867275238
4.918380379676819
4.932183027267456
4.689356684684753
4.228375554084778
3.811389207839966
4.238758087158203
4.393252432346344
3.7852713465690613
4.419825971126556
4.397951662540436
4.736340641975403
4.93194192647934
4.900922179222107
4.649641811847687
4.669869542121887
2.6466968655586243
2.748463451862335
4.611668288707733
4.244441092014313
3.2179170846939087
4.715796411037445
4.870730042457581
3.8178959488868713
4.728289842605591
4.675975143909454
4.490920305252075
2.4785216152668
4.622659981250763
4.845786690711975
4.00208443403244
4.265598952770233
4.6449074149131775
4.93109256029129
4.865572154521942
4.359351396560669
4.953407943248749
4.706932604312897
4.779513478279114
4.573932886123657
4.632340669631958
4.753688871860504
4.016381204128265
4.816686809062958
4.5350465178489685
4.829398989677429
4.345529675483704
3.179672062397003
4.533855617046356
3.830019533634186
4.90296483039856
3.587452471256256
4.414503872394562
4.797281920909882
4.910037815570831
4.95635986328125
4.529018700122833
4.798886179924011
4.210285842418671
4.890068769454956
4.967320561408997
4.2050158977508545
4.693613350391388
4.94913250207901
4.86194372177124
4.9119314551353455
1.7073072493076324
4.690025150775909
4.205658435821533
4.187023937702179
4.521871507167816
4.348463416099548
4.614205956459045
4.952123761177063
2.5408509373664856
4.905079007148743
4.952715039253235
2.815115451812744
4.313538372516632
4.503145515918732
4.597772061824799
3.726375997066498
4.569495618343353
4.890080988407135
4.943623840808868
4.303657412528992
4.928029179573059
4.294024407863617
3.3872634172439575
4.576746225357056
2.00716570019722
2.430928945541382
3.96014541387558
4.443640112876892
4.9042874574661255
4.484177529811859
4.8616138100624084
3.9885881543159485
4.496925473213196
4.647074639797211
4.6415776014328
3.9044982194900513
4.971711337566376
4.947667419910431
4.3636757135391235
4.513797163963318
4.7574931383132935
4.441659450531006
4.851008355617523
4.592799246311188
4.897643327713013
4.887230098247528
3.9363357424736023
2.318335175514221
4.910702407360077
4.913255572319031
1.1941125243902206
4.319688975811005
4.309820532798767
4.3139225244522095
4.939960837364197
4.828520715236664
4.172617197036743
1.9554561376571655
4.501478970050812
4.637324810028076
3.991474211215973
2.762055993080139
4.953438937664032
4.935516715049744
4.931175708770752
4.420145750045776
4.364812970161438
4.941315650939941
4.849021732807159
4.742133915424347
4.706995487213135
3.807908296585083
4.934417307376862
3.9981842041015625
4.533194601535797
4.453216195106506
2.1078723669052124
4.278280436992645
4.717237651348114
4.861039221286774
4.963828921318054
4.4483402371406555
4.597900807857513
4.588001370429993
4.472025632858276
4.830586910247803
4.035739302635193
-0.1008910033851862
4.901902377605438
4.694048166275024
4.957925379276276
4.434982240200043
1.9022664427757263
4.634146094322205
4.789054095745087
4.110696315765381
4.83156681060791
4.844126403331757
4.042998254299164
3.9566227793693542
4.720414578914642
4.90766167640686
4.1209641098976135
4.943709671497345
4.953688383102417
4.815208613872528
4.283042550086975
3.8931861519813538
4.966425001621246
4.892050623893738
4.750772714614868
3.849126696586609
3.311651647090912
4.391365945339203
4.94426429271698
4.953114986419678
4.596174955368042
4.809724390506744
4.552434682846069
4.676086008548737
4.533475041389465
2.908032536506653
4.856129586696625
4.871443212032318
3.5369333624839783
4.186635911464691
4.590516090393066
4.918098151683807
4.779143333435059
4.834641516208649
3.2910963892936707
4.575625061988831
3.61625999212265
3.857186734676361
4.906952083110809
4.413106143474579
3.8458308577537537
4.637929797172546
4.71327006816864
4.931124448776245
4.876832962036133
4.30903822183609
1.9141507148742676
4.9214717745780945
4.197778701782227
4.931953251361847
3.821519911289215
4.950189292430878
4.6389612555503845
4.944348931312561
4.207439422607422
3.780364692211151
3.905259370803833
4.118467271327972
4.347062706947327
3.705500364303589
4.134132266044617
3.9694705605506897
4.698602855205536
4.904150068759918
4.631581902503967
4.137570559978485
4.782691597938538
4.916028380393982
4.75770503282547
4.600856602191925
4.2154234647750854
4.731498658657074
4.720571339130402
4.772835671901703
4.568170607089996
4.871128797531128
4.874712228775024
4.685536026954651
4.836544692516327
4.733419716358185
4.673962891101837
4.945304691791534
4.880369305610657
4.601575136184692
4.461294114589691
3.7341001629829407
4.913524091243744
4.799459278583527
3.258461058139801
4.855411648750305
4.901324510574341
4.606002867221832
4.0374332666397095
4.578555226325989
4.424369037151337
3.1219956278800964
1.3495855033397675
3.258751630783081
4.671919643878937
4.455797970294952
4.1762131452560425
4.40261572599411
2.5570684671401978
4.904306530952454
3.3130991458892822
3.6115387082099915
3.187873065471649
4.595212042331696
4.921581745147705
4.7386616468429565
4.8202139139175415
4.766659736633301
4.449881017208099
2.9201310873031616
3.981383740901947
4.629996120929718
2.5544899702072144
3.9372631907463074
4.67096209526062
4.83987420797348
4.43146288394928
4.338856041431427
3.8965055346488953
4.815948903560638
4.432269036769867
4.6732184290885925
4.861672818660736
1.0726635158061981
4.665972888469696
0.5880701541900635
2.780330777168274
4.940139651298523
4.235332906246185
2.9543262720108032
4.882481396198273
4.669451713562012
4.283274412155151
4.3704164028167725
4.5976269245147705
4.571399390697479
4.139176607131958
4.054518938064575
4.129970371723175
4.910635948181152
4.846841394901276
4.781036078929901
4.9605754017829895
2.500874400138855
4.91440623998642
4.856929183006287
4.856112897396088
4.657084941864014
4.686329364776611
4.5909783244133
4.521802067756653
3.5447275638580322
4.878970384597778
4.6925100684165955
4.890443980693817
1.80070161819458
1.974383294582367
4.807954728603363
4.986570477485657
4.91139143705368
4.878314733505249
4.531543254852295
4.87878143787384
4.875085949897766
4.71111536026001
4.176678955554962
4.747380018234253
4.7491514682769775
4.902692437171936
4.237193465232849
4.900820553302765
4.9562957882881165
4.54725980758667
2.400936931371689
2.9605695605278015
3.597898483276367
4.101704359054565
4.768692851066589
3.8927751779556274
3.622722327709198
4.759432673454285
4.611850380897522
2.573849856853485
2.705816328525543
4.657270014286041
4.895311892032623
4.24893319606781
3.487248122692108
2.8143471479415894
4.3247199058532715
4.939631223678589
4.35585081577301
4.396108984947205
2.5366151332855225
4.938710629940033
4.24575001001358
3.2363957166671753
4.109086394309998
4.755784273147583
3.7670323252677917
4.866522550582886
4.4616106152534485
4.832606315612793
2.828158736228943
4.058349430561066
4.926943778991699
4.852074384689331
1.6140919923782349
2.708074450492859
4.773682355880737
3.0806252360343933
4.9369871616363525
4.476417005062103
2.0510420203208923
4.8075932264328
4.8971351981163025
4.849819540977478
4.814019799232483
4.901532828807831
4.266270101070404
4.138215780258179
4.851547479629517
4.879588186740875
3.422427475452423
2.695325016975403
4.448081851005554
4.653977751731873
4.478211402893066
2.041735053062439
4.378463625907898
0.6754101067781448
3.9609161019325256
4.944326281547546
0.20871615037322044
3.4786731004714966
4.911817312240601
4.287869334220886
4.869180917739868
4.695029854774475
4.471025168895721
4.816465675830841
4.797543883323669
4.912047386169434
4.564879238605499
4.205097556114197
2.059812694787979
4.797694683074951
4.616369009017944
2.9815512895584106
4.917546808719635
4.591579437255859
4.765700697898865
3.2982388138771057
4.0145280957221985
4.490654766559601
4.961565732955933
3.3419397473335266
4.833427667617798
4.601591527462006
4.49791818857193
4.3743696808815
4.072249531745911
4.857904314994812
3.3672931790351868
2.417559027671814
4.416901171207428
4.758372604846954
3.4670233726501465
3.8868993520736694
3.560042977333069
4.454607963562012
4.64870423078537
4.788764417171478
4.722259938716888
4.046640694141388
4.622871577739716
3.2966145873069763
4.4678327441215515
4.847187399864197
4.897966384887695
4.485170841217041
4.438993036746979
4.750779569149017
4.007613360881805
4.833133816719055
4.636446833610535
4.5832520723342896
4.790585935115814
4.607028067111969
4.92027223110199
4.849503934383392
4.431528747081757
4.960018694400787
4.566056132316589
4.488056302070618
4.918302595615387
3.767986297607422
4.934416711330414
4.1241976618766785
4.873856902122498
4.3344298005104065
3.6755990982055664
4.802266061306
4.409041106700897
4.467218518257141
4.9140143394470215
4.954803884029388
4.824015498161316
4.421879053115845
4.6905359625816345
4.869486689567566
3.511299192905426
4.193744659423828
4.659700095653534
4.132191836833954
4.494406878948212
2.7262690663337708
4.85351175069809
4.6838295459747314
4.83825147151947
4.445118010044098
4.780918657779694
4.677853286266327
4.9440643191337585
4.756320416927338
4.863973259925842
3.364625573158264
4.874034523963928
3.8876304030418396
4.673422574996948
4.949899911880493
4.506309330463409
4.2516544461250305
2.9431629180908203
4.256047606468201
4.96224969625473
3.946196138858795
4.906456470489502
3.9241567254066467
4.461603760719299
4.746405482292175
4.3408286571502686
4.900930821895599
4.400716125965118
3.792285919189453
2.7862420678138733
4.59870308637619
4.924390912055969
4.317741394042969
4.896786212921143
4.257885217666626
4.864054918289185
4.771929383277893
4.667210578918457
2.9876694083213806
4.358735978603363
4.928813278675079
4.9342164397239685
4.329366087913513
4.662730395793915
4.895554184913635
4.67824786901474
2.473301589488983
4.830319881439209
4.3559399247169495
4.931437969207764
4.851726293563843
4.728295207023621
4.9244993925094604
4.669910371303558
4.887878596782684
4.628267288208008
2.9085761308670044
4.301479458808899
4.893825650215149
3.7514594197273254
3.5466283559799194
4.585069417953491
4.318699240684509
4.576498866081238
4.680156409740448
4.609278738498688
3.185366988182068
4.658838510513306
3.893986940383911
4.901959598064423
4.7659677267074585
4.948211908340454
3.1781193614006042
4.893746376037598
0.9943795949220657
4.914677441120148
4.299404323101044
4.639845788478851
3.8198351860046387
4.743670225143433
4.905663728713989
4.254441261291504
4.829688668251038
3.6685749888420105
4.028600454330444
4.920042455196381
4.260263442993164
4.120921492576599
4.727644920349121
4.492300748825073
4.7721123695373535
4.836629331111908
3.34744930267334
4.377230107784271
3.901555836200714
4.444868862628937
3.6867928504943848
4.113156795501709
2.7281174063682556
4.607893228530884
4.641280174255371
4.927448630332947
4.902084767818451
4.151493012905121
4.96818870306015
4.707649350166321
4.756645560264587
4.1685691475868225
4.732162058353424
3.928964138031006
4.407027065753937
4.468367397785187
4.920129179954529
3.4169116616249084
4.279117584228516
4.738993048667908
2.487104684114456
4.9515798687934875
4.628920555114746
4.123467206954956
4.5203423500061035
4.898763000965118
4.76408451795578
4.874471426010132
4.034339785575867
4.857048392295837
4.767746329307556
4.516076743602753
4.709129333496094
4.543203711509705
4.317591488361359
3.5412752628326416
4.928242564201355
4.736450016498566
4.848901331424713
4.031769335269928
4.941177070140839
2.4891555309295654
4.0278977155685425
4.784853160381317
4.925954341888428
4.171158671379089
4.877966046333313
3.4994399547576904
4.649315774440765
4.71515566110611
4.849956631660461
4.7676122188568115
4.2313215136528015
4.7321197390556335
2.324705719947815
4.8500290513038635
4.535884261131287
4.288073778152466
3.902505934238434
4.585227072238922
4.610601961612701
4.873664379119873
2.337092012166977
4.214039742946625
4.531232118606567
4.894176125526428
1.4016669988632202
3.69003027677536
3.648057281970978
4.666548073291779
4.92778480052948
4.173468351364136
2.0502112805843353
4.436748623847961
4.92003321647644
4.749532043933868
4.89059716463089
4.7063300013542175
4.923047125339508
3.8883641362190247
4.414341449737549
4.693189263343811
4.813703894615173
4.346323609352112
4.878818690776825
4.752458333969116
2.84761905670166
4.43605363368988
4.743643403053284
4.814763963222504
4.303912818431854
3.0561378598213196
4.260801076889038
4.896636009216309
4.777635037899017
4.601797163486481
4.946469366550446
4.359399676322937
4.306311905384064
3.199877440929413
3.5241353511810303
3.660917580127716
4.1568538546562195
4.07070130109787
4.7438448667526245
4.811800420284271
4.784000217914581
4.927982985973358
3.087025284767151
4.304045140743256
3.574984073638916
3.399275541305542
3.525037169456482
4.449649155139923
3.076324462890625
4.055770933628082
4.857652485370636
3.1659159064292908
3.893147110939026
4.842091500759125
4.905904829502106
4.685058295726776
4.515492022037506
4.953927397727966
4.950743615627289
4.795168936252594
4.66416597366333
4.604739248752594
4.875447154045105
4.26288902759552
2.0572976768016815
4.9569171667099
3.9810889959335327
4.366376101970673
4.618417918682098
4.705168604850769
3.9524325728416443
4.616769552230835
4.4405195116996765
4.9034178256988525
4.5560771226882935
4.335977733135223
4.28729385137558
4.85294371843338
4.713993966579437
4.641096293926239
4.917440116405487
4.902406930923462
3.951328694820404
2.7168071269989014
4.444559216499329
4.866730272769928
4.448474049568176
4.398677945137024
4.870969355106354
3.0874377489089966
4.944338798522949
4.410736858844757
2.615392506122589
3.7362483143806458
3.6878949403762817
4.950246810913086
4.9223968386650085
3.4212663769721985
4.890449047088623
1.3060416281223297
4.7175440192222595
4.849140048027039
4.44095641374588
3.9783307909965515
4.272469878196716
4.542744159698486
4.69221293926239
4.294791519641876
4.68654602766037
4.648489058017731
3.808935582637787
0.028646844439208508
4.049680531024933
3.1833022832870483
2.334904968738556
4.379245638847351
4.344166815280914
4.562276303768158
2.5272324681282043
4.860130846500397
4.257710874080658
3.094901144504547
4.896276891231537
2.941877841949463
4.94133323431015
4.894779920578003
4.876745045185089
4.440685212612152
3.580499291419983
4.957667887210846
4.842797815799713
4.42019909620285
4.907935261726379
4.952790439128876
2.2293847799301147
4.6955811977386475
4.78007972240448
4.598284065723419
4.939117729663849
4.649409353733063
4.943966269493103
4.89916205406189
4.213966429233551
4.874766767024994
3.344433903694153
4.888141453266144
4.897536039352417
4.9296000599861145
2.9398131370544434
4.874475300312042
4.2012715339660645
4.2102959752082825
4.420952498912811
4.915248155593872
4.007287919521332
4.35199111700058
4.821644127368927
2.7378833293914795
4.796268939971924
4.939634203910828
3.318558633327484
4.907059967517853
4.608975350856781
4.634980261325836
2.86808043718338
3.9097464084625244
4.626526832580566
4.446240961551666
3.5607290267944336
4.800737202167511
4.840004742145538
3.8342243432998657
4.9214670062065125
4.287013113498688
4.919907450675964
4.061253666877747
4.684515595436096
4.866859018802643
4.6928733587265015
4.335929453372955
4.740752577781677
4.0532585978508
4.7891345620155334
4.5188915729522705
4.917640686035156
4.884573221206665
4.288570880889893
4.420527517795563
4.135322570800781
4.65325266122818
4.936266243457794
4.960969388484955
4.131227731704712
3.9939385652542114
4.924451112747192
4.938405156135559
4.929235577583313
4.700656533241272
4.77897584438324
3.5677793622016907
3.8370972871780396
4.743068814277649
4.199842810630798
4.538480639457703
4.90960419178009
4.055849015712738
4.481627941131592
4.11446213722229
4.671887159347534
4.877608120441437
4.8494139313697815
4.107374548912048
4.930139482021332
4.2377012968063354
3.3197346329689026
4.523220360279083
4.939554333686829
4.1172608733177185
4.951981604099274
4.774319231510162
3.6718064546585083
4.709546864032745
4.719513952732086
4.68391478061676
4.753620624542236
0.36033570766448975
4.749838709831238
4.562976956367493
3.3468222618103027
4.226492643356323
3.876924216747284
4.777136743068695
4.59748387336731
4.239837229251862
4.9337634444236755
3.8541579246520996
4.858740866184235
4.576880633831024
4.9240341782569885
4.7092583775520325
4.06815379858017
4.8596373200416565
4.843066036701202
4.958867430686951
4.81271505355835
4.179520606994629
4.405584633350372
3.8759449124336243
4.386777877807617
4.3875619769096375
4.257027208805084
4.932945072650909
4.610397815704346
2.3744408786296844
4.780228435993195
4.827368259429932
4.886238873004913
4.397101402282715
4.672227203845978
4.322413504123688
4.4642385840415955
4.247933924198151
4.749263226985931
3.169138729572296
4.9448975920677185
3.5201996564865112
4.947206676006317
4.523390829563141
3.854149281978607
4.83986109495163
2.6886606216430664
4.882116615772247
1.2765826284885406
4.603319466114044
3.827792704105377
4.558354914188385
1.7225182056427002
4.94597315788269
4.788319766521454
4.9523115158081055
4.574749171733856
4.953878223896027
4.678806662559509
4.787326455116272
4.902368485927582
4.003076553344727
4.923464357852936
4.971305727958679
3.15027117729187
4.872829616069794
4.23198401927948
4.715173840522766
4.77545440196991
4.354451894760132
4.710715413093567
4.844257235527039
4.918434917926788
4.746187925338745
3.5992929339408875
3.735996186733246
4.490752816200256
4.8410919308662415
1.9860461354255676
2.4036668241024017
4.208948314189911
4.912775456905365
3.835289180278778
4.884924292564392
4.511946439743042
3.755509853363037
4.041727781295776
4.8652344942092896
4.825409352779388
4.412497282028198
3.4161677956581116
4.329732656478882
4.593014717102051
4.8352861404418945
4.741813242435455
4.697251617908478
3.6395540833473206
3.6596938967704773
4.856821894645691
4.421954154968262
4.759840369224548
4.7843629121780396
0.634000301361084
4.063999354839325
3.738783299922943
4.87389862537384
1.9234156608581543
3.5254648327827454
0.5291805416345596
4.950315356254578
2.863833010196686
4.898845553398132
3.815332353115082
4.933228492736816
4.677497744560242
3.258017599582672
4.724891483783722
2.5486546754837036
4.927041530609131
4.408402442932129
4.924876391887665
4.869326949119568
4.902696311473846
2.459474802017212
4.849628806114197
4.920884072780609
4.685017764568329
4.930766224861145
4.936723709106445
4.495925605297089
4.899519085884094
4.914264678955078
4.721776843070984
4.5538535714149475
4.298308789730072
4.878083169460297
2.537347972393036
3.401971161365509
4.714875817298889
4.5921361446380615
4.2701128125190735
4.8789381980896
4.2714643478393555
3.4926119446754456
0.6219164282083511
4.478016197681427
4.919325411319733
4.228541254997253
4.661464691162109
4.594322741031647
4.605753421783447
4.532634615898132
4.659014642238617
4.654796719551086
3.2848355174064636
4.892208576202393
4.933808445930481
2.348199784755707
3.619517982006073
4.952347278594971
4.690859913825989
4.0959930419921875
4.742207229137421
4.884743094444275
3.9928627014160156
4.940173029899597
4.8445650935173035
4.460669755935669
4.723273515701294
4.879243969917297
4.620456695556641
4.588563144207001
4.644005000591278
4.547459185123444
4.934545457363129
4.937894642353058
2.844190299510956
1.9599764049053192
3.120993673801422
4.519429504871368
4.929157793521881
4.618645012378693
3.386947512626648
4.2674583196640015
4.963990747928619
4.9099186062812805
3.819732666015625
4.943150579929352
4.957183301448822
4.3635135889053345
4.196151494979858
2.0163698494434357
4.463747441768646
4.17273610830307
4.851388335227966
3.39524507522583
4.671036601066589
4.875280857086182
4.934020638465881
4.750413298606873
4.473487734794617
4.530568420886993
4.2144933342933655
4.439285099506378
4.68313604593277
4.238493740558624
4.165834486484528
4.8410564661026
4.919935762882233
2.7302223443984985
4.826621413230896
4.910097420215607
4.883244037628174
-0.00951853406149894
3.786402940750122
4.644545018672943
4.798911213874817
4.207352697849274
4.945502281188965
4.850069880485535
4.461692273616791
4.830263555049896
4.623047709465027
4.814581573009491
4.72579687833786
4.870531857013702
3.075559139251709
4.3251001834869385
4.929438233375549
3.727121353149414
4.637778401374817
4.297138154506683
3.8966435194015503
4.258304536342621
4.06602680683136
3.6089402437210083
4.119183719158173
4.560666084289551
4.453786909580231
4.561347961425781
3.7486451864242554
4.259676039218903
4.906805753707886
4.1863396763801575
4.834336340427399
4.454555809497833
4.501054286956787
4.884607791900635
3.7474390864372253
4.849762320518494
4.348586797714233
2.6854467391967773
4.3072012066841125
4.181422591209412
4.804199934005737
3.8452836871147156
4.8852235078811646
4.893015027046204
4.87517774105072
4.8947641253471375
4.884273111820221
4.26943838596344
4.75512832403183
4.92840975522995
2.582229971885681
1.060943678021431
4.743595719337463
3.870461881160736
4.595181941986084
4.674108028411865
4.9440160393714905
4.961263835430145
4.810280203819275
4.960630536079407
4.939015507698059
4.506681561470032
4.901248812675476
4.308611452579498
1.9862599670886993
3.5695120692253113
4.847181737422943
4.904056191444397
4.913488328456879
3.6661776900291443
4.9049511551856995
4.657253921031952
4.64019238948822
4.824168086051941
2.762041389942169
4.854527711868286
4.691948592662811
4.887850880622864
4.901635646820068
4.853774011135101
4.7500720620155334
3.197034001350403
4.899359941482544
4.946691393852234
1.4254280924797058
4.03530091047287
4.9481189250946045
4.83889639377594
4.713418185710907
4.972556531429291
2.1817220747470856
4.935607016086578
4.529199600219727
4.228482246398926
3.7658965587615967
4.954356551170349
4.626350402832031
4.282292425632477
4.956316351890564
4.662607908248901
4.961888790130615
2.816375195980072
4.8977479338645935
0.17830204218626022
3.7360864877700806
4.849935472011566
4.778015315532684
4.9022939801216125
4.924564063549042
4.122795760631561
4.560880661010742
4.944762587547302
4.882043302059174
3.2774382829666138
4.887156188488007
4.713034927845001
4.076576232910156
3.4972167015075684
4.0651243925094604
4.634101986885071
3.841654658317566
4.660226404666901
4.93445485830307
4.895701110363007
4.358701109886169
4.685223698616028
4.747151434421539
4.263436198234558
3.6601537466049194
2.3461537063121796
4.480429589748383
4.110933542251587
4.563228189945221
4.93960827589035
4.488864243030548
4.805172979831696
4.532697796821594
4.907253682613373
3.222101628780365
3.827439844608307
4.412098526954651
4.7533294558525085
4.536786377429962
4.795662760734558
4.924120604991913
4.836823344230652
4.795873463153839
4.7921618819236755
3.9977073669433594
4.879357814788818
4.485952854156494
4.136684834957123
4.810526371002197
4.947088360786438
3.652324378490448
4.642908573150635
4.774724543094635
4.902144372463226
4.768944084644318
4.341232180595398
4.438382685184479
3.9246025681495667
4.128369688987732
4.914446473121643
4.929310381412506
3.8651731610298157
0.5899431928992271
3.8069212436676025
3.2465097308158875
3.751942813396454
2.6551437377929688
1.9404681026935577
4.887583255767822
2.0219413936138153
4.699427485466003
4.664639830589294
3.5492542386054993
4.807173311710358
4.935869872570038
3.9578261971473694
4.945961833000183
4.3501439690589905
3.923996090888977
3.85695219039917
4.064334332942963
3.1823471188545227
3.230828046798706
3.813939392566681
4.931707084178925
4.764804244041443
4.83666867017746
4.657332599163055
4.690882861614227
4.595562219619751
3.674874007701874
3.47220778465271
4.11512553691864
4.886313378810883
4.949115216732025
4.736193120479584
4.911167025566101
4.847743511199951
4.941258728504181
4.92674857378006
3.9239004254341125
3.197333514690399
4.876987040042877
4.318605959415436
4.918575584888458
4.827126562595367
4.9545493721961975
2.6728951930999756
4.864157438278198
4.688943922519684
4.266619384288788
4.4208648800849915
4.838855564594269
4.3243178725242615
4.943494498729706
3.724236488342285
4.939051568508148
4.726733863353729
1.7580804228782654
4.860447347164154
4.32364821434021
4.411391019821167
4.783546328544617
4.880686402320862
4.608292877674103
4.843746721744537
4.213980436325073
4.954483211040497
3.3221420645713806
4.684988260269165
4.930525720119476
4.9105823040008545
4.215955138206482
4.287866950035095
3.689756393432617
0.9336775541305542
4.9315184354782104
4.9109190702438354
1.4160805940628052
4.867872595787048
4.865920543670654
2.907150387763977
4.528484642505646
4.562348425388336
3.894353210926056
4.8787859082221985
4.924502670764923
4.0045687556266785
3.7232208251953125
4.920111298561096
4.8686400055885315
4.9295735359191895
0.8335994929075241
4.714383184909821
3.7850606441497803
3.943931460380554
4.9109116196632385
3.677118718624115
4.502927660942078
4.333024621009827
4.806831777095795
4.176258444786072
2.980901300907135
4.111548066139221
4.742891490459442
4.253123104572296
4.235692322254181
4.516080617904663
4.902000725269318
4.903919994831085
4.57876980304718
3.9033573865890503
4.944334924221039
4.603554904460907
3.416261076927185
4.036718308925629
3.4886443614959717
4.450723826885223
4.223710596561432
4.307743608951569
4.342844784259796
4.88709568977356
-0.6646974384784698
4.874688684940338
4.941496849060059
4.922085404396057
4.8524680733680725
4.946534335613251
2.8581643104553223
4.692773222923279
4.663852751255035
3.965272009372711
4.695911705493927
4.877696335315704
4.277404546737671
4.806782603263855
4.355389177799225
4.800955057144165
4.868354499340057
4.765332043170929
3.079700469970703
4.945415556430817
1.4925521612167358
4.958060681819916
4.966478645801544
2.6042604446411133
4.310911297798157
4.191078245639801
4.770606458187103
1.261482834815979
4.6644651889801025
4.601010680198669
4.823417067527771
4.807652831077576
4.511696100234985
4.304583966732025
4.1379114985466
4.918684661388397
4.306517541408539
4.755494296550751
4.932531714439392
4.084080457687378
3.700704276561737
4.687328040599823
4.663826525211334
2.2394441068172455
4.523313641548157
4.2429119348526
4.819393157958984
4.473773837089539
4.712429046630859
4.948686957359314
4.839590787887573
3.2064682245254517
4.540501832962036
4.05222088098526
4.894371330738068
4.9290308356285095
3.9227616786956787
4.802983105182648
4.541624188423157
4.882605075836182
4.709278345108032
4.733820855617523
4.924444556236267
4.521671235561371
2.8041809797286987
4.886681437492371
4.31632399559021
4.4908639788627625
4.272448718547821
4.475413262844086
2.4239861965179443
4.868948757648468
3.1281068921089172
4.875085949897766
4.857567548751831
4.838360249996185
4.516482353210449
4.933618605136871
4.329662621021271
4.34398889541626
4.949376285076141
4.829781949520111
4.784473776817322
2.9100504517555237
4.676094353199005
4.910387396812439
4.966912865638733
4.745209217071533
4.95099812746048
4.415902197360992
4.908923804759979
3.8430961966514587
4.964013695716858
3.5549122095108032
2.8546395897865295
3.87983500957489
4.619644284248352
3.9763572812080383
3.7917882204055786
3.8800179958343506
4.4126006960868835
3.189816474914551
4.3873330950737
4.86614465713501
4.510224461555481
4.908305406570435
4.355703890323639
2.096981257200241
1.071975827217102
4.601877331733704
3.4063977003097534
4.60262656211853
4.5741114020347595
4.8647817969322205
3.7793612480163574
4.750389754772186
4.918038845062256
4.955897927284241
4.667578041553497
4.502520859241486
4.673207402229309
4.768776893615723
4.85211968421936
3.3071041107177734
4.50456827878952
4.8383066058158875
3.265088200569153
4.966442883014679
3.11643123626709
4.248957633972168
4.880390167236328
2.6276814937591553
4.942262172698975
4.863445162773132
4.675554931163788
4.807148277759552
4.7795650362968445
4.334642589092255
3.7642940878868103
3.8224679231643677
4.898689091205597
4.894784390926361
4.541648626327515
1.7324638366699219
4.156443774700165
4.706050455570221
4.884400963783264
4.921576380729675
4.864148795604706
4.620324373245239
4.455118775367737
4.096660017967224
4.863307774066925
4.561786651611328
4.703178107738495
4.778462648391724
4.518059492111206
4.916565716266632
4.710770547389984
2.212216407060623
4.253948628902435
4.896179437637329
3.3966603875160217
3.483738601207733
4.786666631698608
4.940926432609558
2.7758589386940002
3.028579354286194
3.6200353503227234
4.449942708015442
3.7557253241539
4.9143412709236145
2.561562955379486
1.996975988149643
2.8582021594047546
4.9370115995407104
4.78885143995285
4.929506182670593
4.310617744922638
4.950328767299652
4.476989209651947
1.9848442077636719
4.7116827964782715
2.4075202643871307
2.47035413980484
4.847950637340546
4.7561851143836975
3.965032398700714
4.921128153800964
4.500010907649994
4.81746643781662
4.91708904504776
4.731494784355164
4.129779040813446
4.357480704784393
4.390007853507996
4.282757341861725
4.2203256487846375
4.9446070194244385
4.781878292560577
2.942449152469635
4.738396406173706
4.9517834186553955
4.25283670425415
4.830198585987091
4.168597161769867
4.89379495382309
3.405076265335083
4.130198657512665
4.947718381881714
2.006171941757202
0.30977318063378334
4.812020659446716
4.61292564868927
4.09698486328125
4.923312664031982
4.636810719966888
3.491125702857971
4.890724420547485
4.871062636375427
3.5439902544021606
2.86437064409256
4.953256845474243
4.475794732570648
4.35671865940094
4.961176216602325
4.880916774272919
4.438880681991577
4.816303551197052
4.095533192157745
3.8901126384735107
4.895962476730347
4.547447562217712
4.539562463760376
2.8892484307289124
3.513796627521515
4.597117900848389
4.691574275493622
3.9227858185768127
4.106928110122681
4.464590847492218
1.608346849679947
4.133565127849579
4.302214086055756
4.884888529777527
4.5473513007164
4.963443875312805
4.920308887958527
4.3917858600616455
4.369677007198334
4.883215427398682
4.915364980697632
4.949609935283661
4.747469127178192
4.379746615886688
2.267044484615326
4.917523264884949
4.587890803813934
4.107285439968109
4.964786767959595
2.1054264903068542
4.221777617931366
4.502440989017487
4.864488840103149
4.934298396110535
2.1851998567581177
2.534242272377014
4.943552017211914
4.836982488632202
4.934043884277344
4.924488663673401
4.020630717277527
4.684809148311615
4.904065728187561
4.563722014427185
4.431396722793579
3.7047234177589417
2.7369508147239685
4.097841680049896
4.923819899559021
4.911543130874634
3.9803388714790344
4.116978049278259
4.779734909534454
4.962978959083557
4.939555525779724
4.60800439119339
4.1251227259635925
4.9651846289634705
4.243269562721252
4.220945835113525
4.0497249364852905
3.8440322875976562
4.903992116451263
4.934883117675781
4.96498316526413
3.712822198867798
4.578099548816681
4.752801358699799
4.945577681064606
4.795568585395813
3.460043966770172
4.489549994468689
4.758695065975189
1.9161058962345123
4.180362224578857
1.2397029250860214
4.9455371499061584
4.909423887729645
4.913691878318787
4.809025824069977
4.945613741874695
4.7051385045051575
4.560115933418274
3.362841308116913
4.484822750091553
4.917221963405609
4.948761165142059
4.832003116607666
4.865102469921112
4.8544275760650635
4.776444137096405
4.658884406089783
4.908124208450317
4.872483313083649
2.471867799758911
4.718480706214905
4.314015209674835
2.493428736925125
4.590987265110016
3.5487833619117737
4.8619842529296875
4.268613755702972
2.4262572824954987
