0.800723671913147
0.7935989499092102
0.6190527677536011
0.9133300185203552
0.8767725229263306
0.06979317963123322
0.1979651153087616
0.9844330549240112
0.9682707786560059
0.10556402802467346
0.8067827820777893
0.6026820540428162
0.8936787247657776
0.08538571745157242
0.6463027596473694
0.9494611620903015
0.9041157364845276
0.9151576161384583
0.8803675174713135
0.7859628796577454
0.9872477650642395
0.8592433333396912
0.9659512639045715
0.7661874294281006
0.8259285688400269
0.9893255233764648
0.05429999902844429
0.8333031535148621
0.009094764478504658
0.6732751131057739
0.19347979128360748
0.8029174208641052
0.581468939781189
0.8774595260620117
0.9268907308578491
0.7710204124450684
0.3298006057739258
0.9020658135414124
0.9677554368972778
0.7011759877204895
0.6722683310508728
0.9745478630065918
0.9540098309516907
0.8987283706665039
0.8625937700271606
0.5193683505058289
0.9420170783996582
0.14762887358665466
0.8662434220314026
0.34180527925491333
0.8425727486610413
0.9766918420791626
0.9148585200309753
0.8548922538757324
0.6499300599098206
0.3952558636665344
0.5494364500045776
0.7845861315727234
0.8941195011138916
-0.32586735486984253
0.7490083575248718
0.7556681036949158
0.12803977727890015
0.16524150967597961
0.21645501255989075
0.9640012979507446
0.858291506767273
0.9415886402130127
0.6078776717185974
0.8324111104011536
0.9433960318565369
0.8476517796516418
0.9472610950469971
0.3443668782711029
0.8464373350143433
-0.09568304568529129
0.869532585144043
0.6076741814613342
0.8364901542663574
0.9238921403884888
0.8610775470733643
0.5581154227256775
0.8844946622848511
0.8013610243797302
0.9698052406311035
0.21087661385536194
0.32117965817451477
0.9402376413345337
0.23070895671844482
0.8573578000068665
-0.38176068663597107
-0.10053013265132904
0.9851859211921692
0.9164736270904541
0.7908362746238708
0.8519030809402466
0.6955466270446777
0.015614819712936878
0.9423373341560364
0.9867673516273499
0.9562478065490723
0.680371880531311
0.10157480835914612
0.7407881021499634
0.9257648587226868
0.69692063331604
0.8161748647689819
0.7450575232505798
0.8189150094985962
0.7268537282943726
0.0827932134270668
0.9602288007736206
0.8233039379119873
0.8978579640388489
0.9608206152915955
0.7912831902503967
0.23137283325195312
0.9592640995979309
0.647782027721405
0.5251016020774841
0.5897757411003113
0.6379138827323914
0.7478182315826416
0.9756225347518921
0.22538971900939941
0.6037837862968445
0.7243534922599792
0.8365384340286255
0.35621383786201477
0.9733807444572449
0.8037896752357483
0.8273813724517822
0.9036805033683777
0.5353971123695374
0.5236387848854065
0.9955888390541077
0.5536309480667114
0.7137459516525269
0.7963076233863831
0.8500960469245911
0.9378040432929993
0.8133912086486816
0.9859611392021179
0.9071235656738281
0.7993925213813782
0.984566867351532
0.7703818678855896
0.6679143309593201
0.9513089656829834
0.8789098262786865
0.9018157124519348
0.978834867477417
0.8281460404396057
0.9011443853378296
0.7516209483146667
0.9504892826080322
0.9382777810096741
0.8101142048835754
0.9167753458023071
0.9825223088264465
0.9584973454475403
0.8285232186317444
0.8450939059257507
0.731055498123169
0.9683070778846741
0.8515340089797974
0.8563645482063293
0.4253254234790802
0.8316950798034668
0.8672007322311401
0.7939647436141968
0.9621812105178833
0.8882359266281128
0.8655906319618225
0.8103622198104858
0.900709331035614
0.8446321487426758
0.8923279643058777
0.7275453209877014
0.90948486328125
0.4646342098712921
0.4289582073688507
0.8091824054718018
0.9311286807060242
0.16563823819160461
0.9870598912239075
0.5752496123313904
0.8763293027877808
0.8659039735794067
0.8721237182617188
0.9849812388420105
0.8851782083511353
0.7490249872207642
0.9083103537559509
0.5716971755027771
0.7955148816108704
0.6737715005874634
0.5644941926002502
0.5218570828437805
0.8450301289558411
0.9751359224319458
0.9609332084655762
0.9905083775520325
0.47187504172325134
0.9463183283805847
0.8950653672218323
-0.04034874215722084
0.7793586850166321
0.9912013411521912
0.8928365707397461
0.9833645224571228
0.8733798861503601
0.7341387271881104
0.980718731880188
0.9477739930152893
0.256499707698822
0.26562556624412537
0.9642078876495361
0.24109791219234467
0.6500537991523743
0.12874525785446167
0.759064257144928
0.9775400161743164
0.8327944874763489
0.36169949173927307
0.9864490628242493
0.9887660145759583
0.5395367741584778
0.9398952126502991
0.34217512607574463
0.9155272245407104
0.979780375957489
0.7678604125976562
0.9302555918693542
0.43043452501296997
0.6065115928649902
-0.4090019464492798
0.7778913974761963
0.9402782320976257
0.9589969515800476
0.7388126850128174
0.46337252855300903
0.6374690532684326
-0.0024366192519664764
0.8999395370483398
0.9710132479667664
0.929524838924408
0.7654309868812561
0.9829297065734863
0.6877874732017517
0.473521888256073
0.7767670154571533
0.8315874934196472
0.5498013496398926
0.8076461553573608
0.6467542052268982
0.7364192008972168
0.9501302242279053
0.5634352564811707
0.5335623621940613
0.7902988791465759
0.7539387345314026
0.9875084161758423
0.8026462197303772
0.8652220964431763
0.6130414009094238
0.4483703374862671
0.8553698062896729
0.8138769268989563
0.33096572756767273
0.26147642731666565
0.9952501058578491
0.7326115965843201
0.5794550776481628
0.7444911599159241
0.8960188627243042
0.7658448815345764
0.7878096699714661
0.8417378067970276
0.4200468957424164
0.8883870840072632
0.9751483201980591
0.9371140003204346
0.9325037598609924
0.8670884370803833
0.7388855814933777
0.5602250099182129
0.9106663465499878
0.9538708925247192
0.8133600950241089
-0.12878096103668213
0.9827970266342163
0.7321072220802307
0.8759042620658875
0.5959631204605103
0.9645922183990479
0.3119340240955353
0.9419477581977844
0.9248313307762146
0.24823711812496185
0.9541016817092896
0.5215107798576355
0.8827025294303894
0.7562251687049866
0.9955132007598877
0.9517173171043396
0.4262119233608246
0.6058549284934998
-0.23722676932811737
0.8348685503005981
0.9653934240341187
0.9731023907661438
0.9361060261726379
0.978622317314148
0.6338074207305908
0.8409071564674377
0.6384557485580444
0.679672360420227
0.9376129508018494
0.10195732861757278
0.1412118822336197
-0.09310714155435562
0.9481807947158813
0.9294467568397522
0.10817839950323105
0.80149245262146
0.8915286660194397
0.4583902359008789
0.9284939765930176
0.5775163769721985
0.9084309935569763
0.6950269937515259
0.9720789194107056
0.4542448818683624
0.5920265913009644
0.9058981537818909
0.20838066935539246
0.5575748682022095
0.9271590113639832
0.9848108887672424
0.6536700129508972
0.014926234260201454
0.9555739760398865
0.9514533281326294
0.18464362621307373
0.9900237917900085
0.8637953400611877
0.1627262830734253
0.7250112891197205
0.8490988612174988
0.9668598771095276
0.848868191242218
0.6617597937583923
0.7895841598510742
0.05029735341668129
0.9262747764587402
0.6336407661437988
0.1874997764825821
0.8152585029602051
0.9823083281517029
0.8412739634513855
0.6752950549125671
0.8525193333625793
0.9080100655555725
0.5279158353805542
0.21470707654953003
0.8873162865638733
0.21732309460639954
0.8370465040206909
0.9363669157028198
0.9852001667022705
0.1904890388250351
0.955647349357605
0.46006128191947937
0.9273999929428101
0.9177936911582947
0.8770134449005127
0.9288043975830078
0.502285361289978
0.964902400970459
0.6529843807220459
0.8869080543518066
0.621432363986969
0.42700356245040894
0.987051248550415
0.8390997052192688
0.9667779803276062
0.9582285284996033
0.7053767442703247
-0.016936613246798515
0.7543113231658936
0.47594985365867615
0.8195182681083679
-0.011317477561533451
0.9900315403938293
0.9865046739578247
0.16911424696445465
0.8807103037834167
0.9789097309112549
0.10942976921796799
-0.1714959442615509
0.907126247882843
0.5073238611221313
0.8892605304718018
0.9381797313690186
0.9588115215301514
0.7306479215621948
0.7581778168678284
0.7685306072235107
0.8348288536071777
0.8652713298797607
-0.05113095045089722
0.2644946575164795
0.7512319087982178
0.7201963663101196
0.408285528421402
0.9467419385910034
0.13341689109802246
0.7156725525856018
0.7658296227455139
0.9653137922286987
0.45208078622817993
0.2961536645889282
0.9133766293525696
0.8039181232452393
0.9185153245925903
0.5336934328079224
0.8516108393669128
0.8395658731460571
0.8679922819137573
0.9286019802093506
0.9249075651168823
0.925754189491272
0.9714552760124207
0.28749778866767883
0.9046450853347778
0.6533092260360718
0.9762550592422485
0.41850927472114563
0.783912718296051
0.9360120892524719
0.9143274426460266
0.9662953615188599
0.8167686462402344
-0.13582360744476318
0.8903976082801819
0.9667237401008606
0.5414005517959595
0.8659774661064148
0.976388156414032
0.7620911002159119
0.670280396938324
-0.22718845307826996
0.9573705196380615
0.8634859323501587
0.9231190085411072
0.7068102359771729
0.7031022906303406
0.7110751867294312
0.44544678926467896
0.6730813980102539
0.9774464964866638
0.8663303256034851
0.9642980694770813
0.9742318391799927
0.5131005048751831
0.6034910678863525
0.893134355545044
0.8281502723693848
0.48701751232147217
0.9864829778671265
0.9066892266273499
0.8263536691665649
0.9901904463768005
0.9250237345695496
0.6351414918899536
0.9374783635139465
0.48081403970718384
0.964849054813385
0.9363762140274048
0.8890188932418823
0.538667619228363
0.4874839186668396
0.6863418817520142
0.9397284388542175
0.8761783242225647
0.48295560479164124
0.4679384231567383
0.8812181949615479
0.9345363974571228
0.7029871344566345
0.35523173213005066
0.7948702573776245
0.8029352426528931
0.8950262665748596
0.9110820889472961
0.7279085516929626
0.8882810473442078
0.4408711791038513
0.7364476323127747
0.11092112213373184
0.8486689329147339
0.896274209022522
0.9084520936012268
0.9682364463806152
0.9641963839530945
0.8995745778083801
0.32508137822151184
0.86227947473526
0.7404285073280334
-0.051568835973739624
0.571987509727478
0.17746281623840332
0.8700022101402283
0.9588354229927063
0.8654032945632935
0.9951664805412292
0.908575177192688
0.828620195388794
0.6302741765975952
0.9712965488433838
0.9661846160888672
0.5292255878448486
0.9093813300132751
0.9080990552902222
0.7857054471969604
0.9776772856712341
0.38612881302833557
0.748012900352478
-0.10217384994029999
0.7706415057182312
0.9413068890571594
0.8256686925888062
0.8468968272209167
0.7233874797821045
0.9495353102684021
0.7849048972129822
0.7566050291061401
0.5067501068115234
0.9501435160636902
0.6526450514793396
0.943923830986023
0.8002574443817139
0.3159523904323578
0.9138631820678711
-0.08611496537923813
0.5914646983146667
0.6131353378295898
0.9394235610961914
0.9624908566474915
0.976425051689148
0.8716506361961365
0.8925825953483582
0.9768038392066956
0.4670252501964569
0.8709084391593933
0.6303775906562805
0.9383421540260315
0.6881710290908813
0.9426146745681763
0.5965452194213867
0.5361939072608948
0.9311213493347168
0.838054358959198
0.03601811081171036
0.1211085394024849
0.9512984156608582
0.7347704768180847
0.8598750829696655
0.7517156600952148
0.972250759601593
0.8868454694747925
0.9583949446678162
0.9190836548805237
-0.2459549605846405
0.671366274356842
-0.029016446322202682
0.8366857767105103
0.951924204826355
0.18357926607131958
0.8750398755073547
0.9682146906852722
0.6195318698883057
0.9580458402633667
0.735596239566803
0.6977119445800781
0.9732872247695923
0.8109852075576782
0.7172790169715881
0.4678535759449005
0.9693620800971985
0.9291963577270508
0.9878636002540588
0.8178640007972717
0.9143169522285461
0.8082377910614014
0.8848409056663513
0.9132122993469238
-0.01917276717722416
0.8297470211982727
0.9827390909194946
0.45654699206352234
0.6838866472244263
0.5488193035125732
0.7938277125358582
0.19280016422271729
0.9568198919296265
0.9532450437545776
0.7078676223754883
0.7679395079612732
0.9665027260780334
0.7879762649536133
0.33662739396095276
0.8807609677314758
0.8317679762840271
0.8400986790657043
0.6648170351982117
-0.09058711677789688
0.582356870174408
0.6114850640296936
0.36919283866882324
0.8889959454536438
0.8857291340827942
-0.03920759633183479
0.8298693895339966
0.6408295035362244
0.17824959754943848
0.9089067578315735
0.9672386646270752
0.5834733843803406
0.9388269782066345
0.6542906761169434
0.9122650027275085
0.8645288944244385
0.8827050924301147
0.9173009395599365
0.8456685543060303
0.8747633099555969
0.9354075193405151
0.8690425753593445
0.7092688083648682
-0.08749748766422272
0.5936747789382935
0.9873679280281067
0.8611535429954529
0.9218517541885376
0.9161105155944824
0.9557179808616638
0.3072323203086853
0.9105055332183838
0.906105101108551
0.8254671096801758
0.5293145775794983
0.9010424613952637
-0.08061209321022034
0.9638814330101013
0.9506062865257263
0.9642996191978455
0.7302963137626648
0.930185854434967
0.4851682484149933
0.11895874887704849
0.6188461780548096
0.9614548087120056
0.1418943703174591
-0.1168297603726387
0.9563781023025513
0.7884199619293213
0.6124801635742188
0.9848702549934387
0.7860084176063538
0.9924792051315308
0.9423379302024841
0.8861521482467651
0.0031274810899049044
0.6313565969467163
0.9860289096832275
0.7726938128471375
0.9274703860282898
0.9814310669898987
0.9216885566711426
0.6908681988716125
0.6425055861473083
0.9447767734527588
0.26502642035484314
0.9815958738327026
0.8565483689308167
0.4357629716396332
0.8877710103988647
0.620667576789856
0.6664372086524963
0.8338577747344971
0.8618277311325073
0.841209352016449
0.9933809638023376
0.9261649250984192
0.9107383489608765
0.8425517678260803
0.9692292213439941
0.4944901168346405
0.7778029441833496
0.8126391172409058
0.9257643818855286
0.7813277840614319
0.783519983291626
0.9752662777900696
0.5422516465187073
0.8056284785270691
0.3578397035598755
0.8998444080352783
0.817803680896759
0.5417086482048035
0.9328253865242004
0.1386287659406662
0.8029618263244629
0.9611034393310547
0.8740528225898743
0.8947317004203796
0.966738760471344
0.8786435723304749
0.09192312508821487
0.8872537016868591
0.8997653126716614
0.6026341319084167
0.8325105309486389
0.9023743867874146
0.5499095320701599
0.12296365201473236
0.8759631514549255
0.7201042175292969
0.9017841815948486
0.8342640399932861
0.9923292994499207
0.9178009629249573
0.9709457755088806
0.9697173237800598
0.9814825654029846
0.7109576463699341
0.7433874607086182
0.6725295782089233
0.7548019289970398
0.7033607363700867
0.5408628582954407
0.24706491827964783
0.9453206062316895
0.8737425804138184
0.3185373842716217
0.724172055721283
0.787705659866333
-0.04650620371103287
0.8838203549385071
0.6596734523773193
0.49997588992118835
0.8544893860816956
0.7166464924812317
0.9167098999023438
0.5825636982917786
0.6940129995346069
0.959904134273529
0.9196082353591919
0.996511697769165
-0.0034686848521232605
0.7750217318534851
0.8492724895477295
0.9774160385131836
0.5843755006790161
0.8880029916763306
0.9911016225814819
0.9636293649673462
0.9598192572593689
0.8567753434181213
0.9534414410591125
0.9620096683502197
0.9692647457122803
0.5225175619125366
0.931729257106781
0.2825508713722229
0.8868420124053955
0.9753996133804321
0.8065926432609558
0.7290713787078857
0.6175203323364258
-0.1695135235786438
0.9868446588516235
0.012567147612571716
0.8409230709075928
0.7554542422294617
0.9837513566017151
0.470447301864624
0.9491385221481323
0.8980848789215088
0.9782261252403259
0.7049707174301147
0.8469583988189697
-0.03676065430045128
0.4331681728363037
0.561994731426239
0.9042150378227234
0.9482524394989014
0.8029794096946716
0.6342463493347168
0.6962917447090149
0.9233183264732361
0.9219014644622803
0.7473140954971313
0.6685130596160889
0.9475564360618591
0.6403293013572693
0.3328712582588196
0.9338309168815613
0.6734862327575684
0.8500523567199707
0.8942341208457947
0.48608827590942383
0.28935202956199646
0.315409779548645
0.8373399972915649
0.8481531143188477
0.9226258993148804
0.5595555901527405
0.6118236780166626
0.8843876123428345
0.8729935884475708
0.17775428295135498
0.6833775043487549
0.8728359937667847
0.9636440873146057
0.6845564246177673
0.8654912114143372
0.700869083404541
0.9802238941192627
0.6993327140808105
-0.06711369752883911
0.8304810523986816
0.7236164212226868
0.7436113953590393
0.8380773067474365
0.1728491634130478
0.9044812321662903
0.5362063646316528
0.43191859126091003
0.6835135221481323
0.8372154235839844
0.9654271006584167
0.911199688911438
0.9334402084350586
0.8569198846817017
0.9702017903327942
0.8224759697914124
0.1786762773990631
0.8938639760017395
0.9402144551277161
0.9380932450294495
0.8892351388931274
0.3834039270877838
0.22776977717876434
0.9627023935317993
0.4414346516132355
0.47550514340400696
0.7306219339370728
0.8765181303024292
0.06998715549707413
0.9858354330062866
0.920357346534729
0.9724190831184387
0.9542458653450012
0.14138366281986237
0.6495621204376221
0.649897575378418
0.9588525891304016
0.4666493535041809
0.865351676940918
0.974711537361145
-0.005360560026019812
0.8054378628730774
0.6283124089241028
0.897183895111084
0.980278491973877
0.9521431922912598
0.6403079628944397
0.9306613206863403
0.9659958481788635
0.6047412157058716
0.652758777141571
0.5267533659934998
0.5165587067604065
0.8893113732337952
0.9343510866165161
0.8526093363761902
0.8759134411811829
0.7583439350128174
0.8384606242179871
0.9109612107276917
-0.11937080323696136
0.745444655418396
0.0007644391735084355
0.9699122905731201
0.6268420815467834
-0.177234947681427
0.9383553862571716
0.8913838267326355
0.9736995100975037
0.7439756989479065
-0.0714045912027359
0.6778156161308289
-0.3430972099304199
0.8393104076385498
0.6466862559318542
0.7598491907119751
0.9496607184410095
0.8558309078216553
0.8419356942176819
0.7860791683197021
0.377250999212265
0.011590657755732536
0.9486355185508728
0.6218537092208862
0.6496299505233765
0.44434061646461487
0.8383071422576904
0.8379671573638916
-0.3859833776950836
0.9311200976371765
0.9519218802452087
0.7747020721435547
0.7296135425567627
0.6787713170051575
0.7836745381355286
0.9378823637962341
0.8244525194168091
0.8996555805206299
0.6291684508323669
0.8393157124519348
0.636660099029541
0.7585018277168274
0.9248296022415161
0.8124380111694336
0.7893469929695129
0.67971271276474
0.31895339488983154
0.9694908857345581
0.9390010833740234
0.7021321654319763
-0.07564135640859604
0.8921301364898682
0.922061026096344
0.9910255074501038
0.41518881916999817
0.7993754148483276
0.7995006442070007
0.964414656162262
0.43461576104164124
0.6814239025115967
0.43649980425834656
0.8789418935775757
0.6648769974708557
0.9764429926872253
0.5204573273658752
0.9382105469703674
0.9738927483558655
0.8822469711303711
0.9419176578521729
0.9251165390014648
0.8794319033622742
0.29853665828704834
0.9892264008522034
0.8852418065071106
0.6776253581047058
0.9162604808807373
0.07195942103862762
0.6980372071266174
0.5223742723464966
0.8679333925247192
-0.15660469233989716
0.8894249200820923
0.8543003797531128
0.6136714220046997
0.5703033208847046
0.8355950713157654
0.8393262624740601
0.8236299157142639
0.9021707773208618
0.9542570114135742
0.6938671469688416
0.8271384835243225
0.9506914019584656
0.6905874013900757
0.68646240234375
0.929572582244873
0.9524009227752686
0.7631323337554932
0.9534146189689636
0.4546579420566559
0.958510160446167
0.8745658993721008
0.39867711067199707
0.4984160363674164
0.7893733978271484
0.5500472187995911
0.07961717993021011
0.3264477550983429
0.6465346813201904
0.8938271403312683
0.5044670701026917
0.9625532031059265
0.943954348564148
0.4677482545375824
0.5220550894737244
0.3839603662490845
0.9255856871604919
0.944896936416626
0.6589183807373047
0.9513543248176575
0.9902018308639526
0.9830952882766724
0.21140289306640625
0.03930259123444557
0.9921455383300781
0.1670203059911728
0.17308349907398224
0.9336604475975037
0.9191772937774658
0.9496952295303345
0.9688666462898254
0.9699093103408813
0.5887511372566223
0.9503075480461121
0.9462446570396423
0.4856002926826477
0.9514102339744568
-0.29754719138145447
0.9144085645675659
0.9488433003425598
0.7817658185958862
0.532328188419342
0.9518444538116455
0.9425816535949707
0.7351502180099487
0.5042620301246643
0.6790207624435425
0.9069425463676453
0.8701937794685364
0.7740553617477417
0.9742380976676941
0.9306483268737793
0.9112188220024109
0.6876064538955688
0.7038247585296631
0.5172871947288513
0.3742572069168091
0.5023230910301208
0.9347107410430908
0.932640552520752
0.8895732164382935
0.03534907475113869
0.8692435622215271
0.6324178576469421
0.9808884859085083
0.46737390756607056
0.3365463614463806
0.9758031368255615
0.8972914814949036
0.8631418347358704
0.9376424551010132
0.40594255924224854
0.6866748332977295
0.25835663080215454
0.6658672094345093
0.9791017770767212
0.40756502747535706
0.8512251973152161
0.6628000736236572
0.8663399815559387
0.7010588645935059
0.839226245880127
0.4748435616493225
0.909980058670044
-0.02999197319149971
0.9250913262367249
0.9562843441963196
0.38878563046455383
0.7279734015464783
0.05867122486233711
0.5734732747077942
0.590123176574707
0.7843793034553528
0.9180169701576233
0.8886460661888123
0.9177563786506653
0.9534782767295837
0.9237231612205505
0.9199860095977783
0.977883517742157
0.5698185563087463
0.8949999809265137
0.6547582745552063
0.9400606751441956
0.8438414335250854
0.9919425845146179
0.3579614460468292
0.9389602541923523
0.9483241438865662
0.8763265013694763
0.5300801992416382
0.85107421875
0.730851411819458
0.8371919393539429
0.8312918543815613
0.8826298117637634
0.6158130764961243
0.4809335470199585
0.8280176520347595
0.9389377236366272
0.9335821270942688
0.7988565564155579
-0.030372781679034233
0.7961888909339905
0.6247840523719788
0.855401337146759
0.9537388682365417
0.9169153571128845
0.5732693076133728
0.6919332146644592
0.8804405331611633
0.9462730288505554
0.8060424327850342
0.9373836517333984
0.10703545808792114
0.7286293506622314
0.42358529567718506
0.9161989092826843
0.6251128911972046
0.7927950620651245
0.8716316223144531
0.7185229063034058
0.6298012137413025
0.8423867225646973
0.8745056390762329
0.0038879234343767166
0.9744256138801575
0.825276792049408
0.9281357526779175
0.3936139643192291
0.9032750129699707
0.8006861209869385
0.9469267725944519
0.8217547535896301
0.753961443901062
0.9132258892059326
0.8681869506835938
0.9451899528503418
0.4686872661113739
0.9783791899681091
0.5848732590675354
0.911791205406189
-0.05237289145588875
0.35996249318122864
0.9342402815818787
0.6724141836166382
0.531670868396759
0.9546892046928406
0.8567686080932617
0.8687945008277893
0.9555759429931641
0.9005691409111023
0.6404351592063904
0.6709091663360596
0.9866334795951843
0.9182233810424805
0.6167120337486267
0.21675759553909302
0.4929405450820923
0.841389536857605
0.8051563501358032
0.7455369234085083
0.662847638130188
0.8063501119613647
0.7580479979515076
0.9202433824539185
0.9682610034942627
0.45904943346977234
0.7970266938209534
0.9296194314956665
-0.27578192949295044
0.4247763454914093
0.2894156873226166
0.7494151592254639
0.27140504121780396
0.40763792395591736
0.7065887451171875
0.97918301820755
0.8070612549781799
0.6962483525276184
0.25696495175361633
-0.19478274881839752
0.9254593849182129
0.7707637548446655
0.9641438126564026
0.9660871624946594
0.9348065853118896
0.8497586250305176
0.8150461912155151
0.9776678085327148
0.97919100522995
0.8955723643302917
0.9017683267593384
0.8692399263381958
0.9553067684173584
0.9288879036903381
0.48660004138946533
0.9614230394363403
0.7756722569465637
0.8427796363830566
0.15880529582500458
0.09109295159578323
0.7135425209999084
0.3104031980037689
0.7467302680015564
0.8850060105323792
0.9374939203262329
0.8195080757141113
0.9574312567710876
0.9905451536178589
0.006305102724581957
0.7782630920410156
0.7660599946975708
0.9406623840332031
-0.34476715326309204
0.8304064273834229
0.7991165518760681
0.3351688086986542
0.3901863694190979
0.016410406678915024
0.9855111837387085
0.8655991554260254
0.9055587649345398
0.910504937171936
0.8514626026153564
0.8994981050491333
0.9343658685684204
0.10518383234739304
0.8688065409660339
0.9022884964942932
0.9389030337333679
0.9281736612319946
0.5937861800193787
0.8587793707847595
0.7746838331222534
0.9140961170196533
0.7789384126663208
0.9963034391403198
0.718062698841095
0.7604716420173645
-0.10963674634695053
0.9794463515281677
0.9058746695518494
0.9870412945747375
-0.03118487261235714
0.7616701722145081
0.6778735518455505
0.3647730052471161
0.7868714928627014
0.9766511917114258
0.41625624895095825
0.014794946648180485
0.8700650334358215
0.9641801118850708
0.9824904799461365
0.6457826495170593
0.8636681437492371
0.541248619556427
0.7323552370071411
0.9750955700874329
0.9395511150360107
0.8915828466415405
0.17158053815364838
0.2122296541929245
0.8194026947021484
0.22236113250255585
0.9449584484100342
0.9305095672607422
0.9216498136520386
0.7576289176940918
0.8698379397392273
0.8864796161651611
0.8994629383087158
0.6397936940193176
0.9944286346435547
0.5604634284973145
0.7817240953445435
0.7862398028373718
-0.06562554091215134
0.7637423872947693
0.1407645344734192
0.870100736618042
0.9018663167953491
0.8516376614570618
0.8752241134643555
0.5673329830169678
0.7889888882637024
-0.04502151533961296
0.8419579863548279
0.634926438331604
0.9650365710258484
0.590641438961029
0.8008750081062317
0.89407879114151
0.9233372211456299
0.9546462893486023
0.526771068572998
0.6514411568641663
0.7415699362754822
0.4610092341899872
0.6553146839141846
0.566938042640686
0.6512944102287292
0.7905365228652954
0.9403111338615417
0.9876655340194702
0.9041311144828796
0.9677416682243347
0.688689649105072
0.9017395377159119
0.9428155422210693
-0.15644943714141846
-0.1375846415758133
0.9004361629486084
0.9227766990661621
0.8418550491333008
0.9776242971420288
0.4450209140777588
0.9236292243003845
0.5000427961349487
0.8459970355033875
0.3027741611003876
0.5961630344390869
0.6035706400871277
0.9446330666542053
0.9467996954917908
0.8825131058692932
0.8458345532417297
0.976122260093689
-0.1727360188961029
0.5835736989974976
0.43429115414619446
0.9557651877403259
0.7832406163215637
0.059206411242485046
0.9295915365219116
0.6297070980072021
0.5320034027099609
0.8138282299041748
0.8608394861221313
0.9780622720718384
0.8644518256187439
0.8689482808113098
0.849436342716217
0.8851764798164368
0.008211640641093254
0.906355619430542
0.9576552510261536
0.5983887910842896
0.9395310282707214
0.6892946362495422
0.7806421518325806
0.8561425805091858
0.6109853982925415
0.8524379134178162
0.7739161849021912
0.8334845304489136
0.5999473333358765
0.22281940281391144
0.7817255854606628
0.5303626656532288
0.31795814633369446
0.8677698373794556
0.8820458650588989
0.9787642359733582
0.11081384122371674
0.7431434392929077
0.7404208779335022
0.6953842639923096
0.9109885692596436
0.9712855815887451
0.6867045164108276
0.8552953600883484
0.9652748107910156
0.1694050282239914
0.9974194169044495
0.9795069694519043
0.991411030292511
0.7774908542633057
0.941773533821106
0.9869660139083862
0.9768511652946472
0.9080860614776611
0.8221514821052551
0.9058418273925781
0.04317374899983406
0.5209664106369019
0.9028419852256775
0.8610645532608032
0.9810706377029419
0.8847270011901855
0.8736125826835632
-0.05082707107067108
0.7645392417907715
0.9719303250312805
0.9501796364784241
0.987287700176239
0.9181569218635559
0.9635109305381775
0.7523074746131897
0.7090529203414917
0.9099830985069275
0.9462369680404663
0.02682732604444027
0.8075034022331238
0.9686285257339478
-0.03509056195616722
0.8978928327560425
-0.01641118712723255
0.8782597780227661
0.8566020131111145
0.9475269317626953
0.522598147392273
0.8789018392562866
0.8750117421150208
0.4508329927921295
0.634303867816925
0.88250732421875
-0.04484822601079941
0.8066490292549133
0.8380950689315796
0.28882110118865967
-0.02918226458132267
0.8715834021568298
0.9425986409187317
0.9255102872848511
0.9190000891685486
0.9286227226257324
-0.1177205890417099
0.8980123400688171
0.7521258592605591
0.9876967072486877
0.9231494069099426
0.9572840332984924
0.9461157321929932
0.7863163352012634
0.5314652919769287
0.8987794518470764
0.7678900957107544
0.6839061379432678
0.14035198092460632
0.632721483707428
0.7356239557266235
0.11994510889053345
0.8383152484893799
-0.4239954352378845
0.9050761461257935
0.7307499051094055
0.8198076486587524
0.9606900215148926
0.8942406177520752
0.9412087202072144
0.8642683625221252
0.943941056728363
0.9217653870582581
0.9681175947189331
0.863469123840332
0.7791521549224854
0.814392626285553
0.7669358253479004
0.9745466113090515
0.006126300897449255
0.7895659804344177
0.9559842348098755
0.7652660608291626
0.812375545501709
0.9069650173187256
0.7608269453048706
0.852359414100647
0.9914646148681641
0.6762015223503113
0.880768358707428
0.8812357783317566
0.8617714047431946
0.9404954314231873
0.9662929773330688
0.9474900960922241
0.9344642758369446
0.017530500888824463
0.8639113903045654
0.9133627414703369
0.9816675186157227
0.891296923160553
0.9370908737182617
0.6792420744895935
0.829771101474762
0.973816990852356
0.8012617230415344
0.9896256327629089
0.8465858101844788
-0.09060540050268173
-0.037315018475055695
-0.07276545464992523
0.836628794670105
0.7066718339920044
0.8387536406517029
0.5690355896949768
0.8763732314109802
0.6153106689453125
0.7633557915687561
0.06035594642162323
0.22062279284000397
0.7530364990234375
0.9188300967216492
0.8563609719276428
0.17078691720962524
-0.03413469344377518
0.7758142352104187
0.8377959728240967
0.17761261761188507
0.9796199798583984
0.7789524793624878
-0.13670086860656738
0.17771093547344208
0.7483384609222412
0.8217694163322449
0.7455465197563171
-0.16013148427009583
0.2730575501918793
0.7815145254135132
0.6674247980117798
0.5377906560897827
0.8103501796722412
0.26172593235969543
0.5596035718917847
0.9601566195487976
0.06685706228017807
0.18644537031650543
0.9503469467163086
0.8040291666984558
0.9591132998466492
0.9027238488197327
0.27063581347465515
0.6703453660011292
0.48824232816696167
-0.043234921991825104
0.8698432445526123
0.9394973516464233
0.6466570496559143
0.8924744725227356
0.8300374746322632
0.9728744029998779
0.813433825969696
0.9420015811920166
0.8479212522506714
0.948775053024292
0.9621506929397583
0.7640376091003418
0.604194164276123
0.907095730304718
0.9749958515167236
0.8914117813110352
0.8936195969581604
0.9373276829719543
0.9012753367424011
0.3291653096675873
0.812882661819458
0.926380455493927
